0 0.000
1 38.151
2 81.707
3 125.715
4 169.549
5 212.499
6 253.929
7 296.124
8 337.996
9 380.770
10 424.710
11 469.176
12 514.892
13 559.468
14 604.133
15 648.555
16 693.093
17 737.385
18 781.041
19 823.711
20 866.026
21 907.606
22 949.011
23 990.515
24 1033.250
25 1076.395
26 1119.540
27 1163.091
28 1206.961
29 1252.127
30 1298.135
31 1343.785
32 1389.706
33 1435.554
34 1481.552
35 1527.968
36 1574.598
37 1620.029
38 1665.964
39 1711.434
40 1755.585
41 1799.621
42 1844.230
43 1889.124
44 1933.392
45 1978.334
46 2023.372
47 2067.892
48 2112.503
49 2157.229
50 2201.601
51 2246.318
52 2289.438
53 2331.880
54 2374.606
55 2417.621
56 2459.363
57 2501.277
58 2542.608
59 2584.393
60 2626.491
61 2668.484
62 2710.323
63 2751.593
64 2793.015
65 2834.245
66 2875.344
67 2916.008
68 2957.454
69 2998.976
70 3040.311
71 3081.544
72 3122.539
73 3164.213
74 3205.541
75 3247.349
76 3289.544
77 3332.396
78 3374.872
79 3417.268
80 3459.750
81 3501.958
82 3544.153
83 3587.028
84 3629.347
85 3672.064
86 3715.885
87 3759.945
88 3804.437
89 3849.564
90 3894.806
91 3940.089
92 3985.137
93 4030.406
94 4074.407
95 4117.289
96 4160.083
97 4200.720
98 4241.492
99 4283.313
100 4326.019
101 4368.334
102 4410.795
103 4452.741
104 4494.474
105 4536.654
106 4579.690
107 4622.656
108 4665.932
109 4710.495
110 4754.633
111 4799.731
112 4845.564
113 4891.017
114 4935.524
115 4980.916
116 5026.126
117 5071.440
118 5115.627
119 5159.797
120 5204.247
121 5249.176
122 5295.007
123 5339.530
124 5384.638
125 5428.714
126 5471.811
127 5514.415
128 5557.375
129 5600.755
130 5644.810
131 5690.229
132 5735.813
133 5780.852
134 5825.103
135 5869.608
136 5914.209
137 5958.376
138 6001.676
139 6045.263
140 6090.220
141 6135.404
142 6180.408
143 6225.637
144 6269.995
145 6314.533
146 6359.650
147 6405.018
148 6450.555
149 6495.650
150 6540.475
151 6584.223
152 6628.092
153 6672.993
154 6717.838
155 6764.216
156 6811.257
157 6858.391
158 6905.986
159 6953.580
160 7000.265
161 7046.642
162 7093.599
163 7140.364
164 7187.558
165 7234.344
166 7281.504
167 7328.802
168 7376.263
169 7423.172
170 7469.633
171 7516.697
172 7563.980
173 7611.671
174 7659.268
175 7706.452
176 7753.157
177 7800.857
178 7848.739
179 7897.067
180 7945.453
181 7994.598
182 8044.449
183 8094.683
184 8144.015
185 8192.528
186 8241.964
187 8291.072
188 8340.397
189 8389.988
190 8439.778
191 8488.746
192 8537.098
193 8585.171
194 8632.885
195 8679.843
196 8726.665
197 8772.989
198 8819.437
199 8866.877
200 8914.007
201 8959.427
202 9005.602
203 9050.842
204 9095.235
205 9139.444
206 9184.115
207 9229.634
208 9275.442
209 9319.963
210 9364.844
211 9408.306
212 9451.066
213 9493.291
214 9534.840
215 9576.418
216 9617.782
217 9659.100
218 9700.815
219 9742.586
220 9783.493
221 9823.585
222 9863.550
223 9903.900
224 9943.937
225 9983.364
226 10022.964
227 10062.807
228 10103.591
229 10145.653
230 10187.527
231 10229.115
232 10271.639
233 10314.391
234 10356.764
235 10398.830
236 10440.809
237 10482.486
238 10523.555
239 10564.891
240 10606.363
241 10648.335
242 10691.089
243 10732.033
244 10772.375
245 10812.377
246 10852.559
247 10892.652
248 10934.053
249 10976.081
250 11018.384
251 11061.346
252 11104.511
253 11147.735
254 11191.125
255 11234.317
256 11278.271
257 11321.282
258 11364.893
259 11408.030
260 11450.541
261 11493.586
262 11537.316
263 11580.285
264 11622.209
265 11662.895
266 11703.202
267 11743.585
268 11782.997
269 11822.820
270 11862.424
271 11901.276
272 11939.098
273 11976.904
274 12014.533
275 12051.609
276 12089.303
277 12127.348
278 12165.044
279 12201.460
280 12238.100
281 12274.686
282 12311.738
283 12348.748
284 12385.660
285 12423.956
286 12461.871
287 12499.962
288 12537.466
289 12575.121
290 12611.644
291 12648.403
292 12685.365
293 12723.781
294 12761.599
295 12799.771
296 12838.544
297 12877.376
298 12916.165
299 12955.852
300 12995.570
301 13036.874
302 13077.392
303 13117.754
304 13157.867
305 13197.288
306 13236.622
307 13276.033
308 13315.368
309 13354.475
310 13392.423
311 13430.578
312 13468.055
313 13504.656
314 13540.699
315 13575.458
316 13610.295
317 13644.836
318 13679.142
319 13712.015
320 13744.836
321 13777.711
322 13811.693
323 13845.690
324 13879.376
325 13913.890
326 13948.793
327 13984.140
328 14020.240
329 14056.352
330 14091.970
331 14127.938
332 14162.524
333 14196.602
334 14230.088
335 14263.340
336 14295.943
337 14328.589
338 14360.841
339 14393.361
340 14426.996
341 14460.477
342 14492.070
343 14523.855
344 14554.317
345 14583.895
346 14613.472
347 14642.520
348 14671.016
349 14700.038
350 14728.883
351 14757.852
352 14788.085
353 14817.492
354 14846.855
355 14876.310
356 14906.268
357 14935.889
358 14966.077
359 14995.928
360 15025.563
361 15055.357
362 15085.429
363 15114.630
364 15142.800
365 15171.624
366 15200.789
367 15230.063
368 15259.835
369 15289.154
370 15317.643
371 15345.634
372 15373.568
373 15401.561
374 15429.904
375 15459.801
376 15489.617
377 15518.097
378 15545.769
379 15571.729
380 15598.435
381 15626.137
382 15654.053
383 15683.058
384 15713.142
385 15743.722
386 15774.415
387 15804.844
388 15835.559
389 15866.633
390 15897.859
391 15929.269
392 15960.108
393 15990.713
394 16020.813
395 16050.710
396 16080.583
397 16108.905
398 16138.143
399 16167.484
400 16197.248
401 16227.095
402 16257.169
403 16286.837
404 16316.857
405 16347.032
406 16376.514
407 16404.874
408 16434.099
409 16463.911
410 16494.157
411 16524.521
412 16554.857
413 16584.703
414 16613.988
415 16643.451
416 16672.268
417 16699.980
418 16726.900
419 16753.863
420 16781.915
421 16809.930
422 16838.579
423 16865.365
424 16891.359
425 16917.557
426 16943.896
427 16970.894
428 16998.312
429 17026.707
430 17055.967
431 17085.649
432 17114.815
433 17144.606
434 17174.228
435 17202.391
436 17229.771
437 17256.761
438 17284.025
439 17311.949
440 17339.892
441 17368.050
442 17395.946
443 17423.902
444 17451.133
445 17479.316
446 17506.345
447 17533.918
448 17560.712
449 17587.029
450 17614.706
451 17642.595
452 17669.865
453 17696.259
454 17723.299
455 17751.358
456 17779.895
457 17808.390
458 17836.365
459 17864.453
460 17892.949
461 17922.184
462 17952.302
463 17981.313
464 18009.851
465 18038.602
466 18068.784
467 18098.655
468 18128.253
469 18158.214
470 18189.261
471 18221.053
472 18252.502
473 18284.518
474 18315.623
475 18347.034
476 18378.158
477 18408.275
478 18438.167
479 18468.321
480 18498.360
481 18528.406
482 18559.360
483 18590.504
484 18620.382
485 18649.203
486 18678.620
487 18708.676
488 18738.639
489 18769.144
490 18799.448
491 18829.326
492 18859.998
493 18890.505
494 18920.573
495 18950.398
496 18979.775
497 19008.551
498 19036.921
499 19065.388
500 19094.217
501 19123.284
502 19152.756
503 19182.685
504 19211.794
505 19240.646
506 19270.272
507 19300.538
508 19330.871
509 19361.221
510 19391.238
511 19421.127
512 19450.395
513 19480.182
514 19510.806
515 19541.017
516 19571.015
517 19600.429
518 19629.772
519 19658.368
520 19686.971
521 19715.480
522 19744.396
523 19772.790
524 19800.485
525 19827.518
526 19855.419
527 19882.712
528 19909.958
529 19937.467
530 19965.609
531 19993.690
532 20020.731
533 20046.502
534 20072.229
535 20097.244
536 20123.800
537 20151.390
538 20180.674
539 20210.434
540 20240.499
541 20269.967
542 20299.929
543 20329.810
544 20359.833
545 20390.474
546 20421.420
547 20453.202
548 20486.290
549 20520.737
550 20555.626
551 20590.858
552 20624.927
553 20657.949
554 20689.958
555 20721.140
556 20751.781
557 20783.016
558 20813.965
559 20844.660
560 20875.221
561 20905.763
562 20936.115
563 20966.691
564 20996.600
565 21025.456
566 21053.128
567 21081.140
568 21109.463
569 21137.470
570 21165.510
571 21194.794
572 21223.498
573 21253.266
574 21284.153
575 21316.257
576 21348.732
577 21382.090
578 21415.589
579 21449.241
580 21483.855
581 21518.605
582 21553.514
583 21588.840
584 21623.672
585 21658.691
586 21693.392
587 21728.688
588 21764.312
589 21800.214
590 21836.064
591 21871.338
592 21906.321
593 21941.018
594 21975.737
595 22009.798
596 22043.542
597 22077.161
598 22110.062
599 22141.481
600 22173.364
601 22205.506
602 22238.255
603 22272.289
604 22306.133
605 22340.532
606 22375.199
607 22411.120
608 22447.623
609 22484.795
610 22522.254
611 22559.052
612 22597.041
613 22634.594
614 22671.333
615 22709.773
616 22748.184
617 22786.726
618 22825.216
619 22862.912
620 22900.824
621 22938.520
622 22974.876
623 23011.202
624 23047.525
625 23082.948
626 23118.335
627 23154.896
628 23191.663
629 23228.921
630 23266.458
631 23304.707
632 23342.577
633 23380.554
634 23418.171
635 23456.201
636 23494.872
637 23532.611
638 23570.880
639 23609.302
640 23647.740
641 23686.397
642 23725.110
643 23764.596
644 23803.961
645 23842.835
646 23881.386
647 23919.056
648 23956.384
649 23995.114
650 24034.357
651 24073.349
652 24111.459
653 24148.414
654 24184.303
655 24219.650
656 24254.603
657 24289.568
658 24323.613
659 24357.720
660 24392.402
661 24426.906
662 24461.578
663 24495.807
664 24528.962
665 24562.348
666 24594.908
667 24627.680
668 24660.747
669 24695.036
670 24728.153
671 24760.469
672 24792.360
673 24823.848
674 24856.752
675 24889.361
676 24921.590
677 24953.592
678 24985.182
679 25017.151
680 25050.262
681 25083.663
682 25117.806
683 25152.220
684 25185.788
685 25219.371
686 25252.717
687 25286.365
688 25319.299
689 25350.972
690 25384.594
691 25418.546
692 25452.707
693 25486.927
694 25521.743
695 25556.525
696 25593.693
697 25630.854
698 25668.940
699 25706.790
700 25744.918
701 25783.259
702 25820.705
703 25858.989
704 25897.145
705 25935.409
706 25974.817
707 26014.332
708 26053.474
709 26092.251
710 26131.589
711 26170.214
712 26208.719
713 26245.687
714 26282.597
715 26319.178
716 26356.747
717 26393.859
718 26431.032
719 26469.029
720 26507.244
721 26545.032
722 26581.800
723 26618.677
724 26656.618
725 26695.770
726 26735.050
727 26774.609
728 26812.968
729 26851.264
730 26889.299
731 26926.632
732 26963.669
733 26999.902
734 27036.015
735 27073.577
736 27111.816
737 27150.155
738 27188.591
739 27227.049
740 27266.198
741 27306.328
742 27346.151
743 27384.777
744 27422.072
745 27459.637
746 27497.451
747 27534.942
748 27572.615
749 27611.302
750 27650.678
751 27689.569
752 27729.127
753 27770.381
754 27812.611
755 27854.395
756 27896.556
757 27937.425
758 27977.644
759 28016.393
760 28055.725
761 28095.084
762 28134.421
763 28174.816
764 28215.632
765 28257.028
766 28299.520
767 28343.502
768 28386.923
769 28430.776
770 28473.874
771 28516.600
772 28558.734
773 28601.449
774 28645.348
775 28688.888
776 28733.383
777 28778.242
778 28822.900
779 28867.410
780 28911.508
781 28955.019
782 28998.861
783 29042.791
784 29087.783
785 29132.358
786 29175.971
787 29220.269
788 29264.398
789 29309.024
790 29354.741
791 29400.572
792 29445.944
793 29490.807
794 29534.926
795 29579.307
796 29624.220
797 29669.063
798 29713.628
799 29757.508
800 29801.665
801 29846.467
802 29891.914
803 29937.124
804 29982.332
805 30027.612
806 30073.390
807 30118.528
808 30164.067
809 30209.454
810 30255.604
811 30302.429
812 30350.504
813 30398.146
814 30446.975
815 30495.399
816 30542.157
817 30587.728
818 30632.395
819 30676.764
820 30722.210
821 30769.074
822 30815.483
823 30861.383
824 30906.976
825 30952.597
826 30998.685
827 31043.628
828 31089.285
829 31135.220
830 31181.239
831 31226.750
832 31272.882
833 31318.327
834 31364.696
835 31412.279
836 31459.953
837 31508.780
838 31556.733
839 31604.204
840 31651.620
841 31698.947
842 31746.168
843 31794.580
844 31842.949
845 31891.610
846 31939.268
847 31986.546
848 32034.432
849 32082.858
850 32131.486
851 32178.799
852 32226.981
853 32276.446
854 32325.811
855 32375.696
856 32425.116
857 32475.433
858 32525.471
859 32576.069
860 32626.843
861 32676.266
862 32725.394
863 32776.026
864 32827.144
865 32877.861
866 32928.927
867 32979.702
868 33031.104
869 33083.175
870 33135.027
871 33187.305
872 33239.866
873 33293.352
874 33346.790
875 33400.761
876 33454.002
877 33506.153
878 33558.883
879 33611.592
880 33664.629
881 33717.447
882 33769.753
883 33822.935
884 33876.009
885 33929.098
886 33982.623
887 34036.655
888 34090.906
889 34144.963
890 34198.890
891 34252.773
892 34306.806
893 34361.118
894 34415.031
895 34468.482
896 34522.358
897 34576.696
898 34630.333
899 34684.006
900 34738.088
901 34793.523
902 34847.711
903 34902.081
904 34956.302
905 35011.474
906 35064.870
907 35119.730
908 35175.010
909 35229.141
910 35283.163
911 35336.002
912 35388.472
913 35439.928
914 35491.164
915 35542.913
916 35593.682
917 35643.870
918 35692.898
919 35742.329
920 35792.355
921 35841.859
922 35892.145
923 35941.677
924 35991.504
925 36040.818
926 36091.200
927 36142.073
928 36193.190
929 36245.753
930 36299.428
931 36354.220
932 36408.308
933 36460.902
934 36514.069
935 36567.018
936 36619.840
937 36672.782
938 36724.324
939 36774.838
940 36824.879
941 36874.093
942 36923.929
943 36973.896
944 37023.071
945 37072.178
946 37121.749
947 37172.161
948 37222.484
949 37271.357
950 37320.526
951 37370.457
952 37419.757
953 37470.091
954 37522.763
955 37576.063
956 37629.825
957 37684.619
958 37738.911
959 37792.294
960 37845.810
961 37899.631
962 37953.871
963 38008.831
964 38065.005
965 38121.513
966 38179.002
967 38236.214
968 38294.063
969 38351.745
970 38409.315
971 38466.761
972 38524.123
973 38580.416
974 38636.648
975 38693.737
976 38751.831
977 38810.699
978 38870.322
979 38928.996
980 38987.521
981 39045.843
982 39104.375
983 39162.540
984 39221.193
985 39279.923
986 39338.544
987 39398.232
988 39459.488
989 39521.866
990 39584.713
991 39648.718
992 39712.261
993 39775.907
994 39837.703
995 39899.260
996 39960.911
997 40021.958
998 40083.093
999 40144.141
