0 0.000
1 0.283
2 0.320
3 0.328
4 0.401
5 0.419
6 0.451
7 0.479
8 0.503
9 0.527
10 0.547
11 0.568
12 0.589
13 0.608
14 0.625
15 0.642
16 0.662
17 0.677
18 0.694
19 0.707
20 0.724
21 0.737
22 0.752
23 0.766
24 0.779
25 0.793
26 0.805
27 0.819
28 0.830
29 0.841
30 0.855
31 0.869
32 0.879
33 0.892
34 0.904
35 0.913
36 0.923
37 0.937
38 0.945
39 0.955
40 0.966
41 0.975
42 0.987
43 0.998
44 1.005
45 1.014
46 1.024
47 1.031
48 1.039
49 1.046
50 1.056
51 1.063
52 1.074
53 1.084
54 1.090
55 1.100
56 1.107
57 1.114
58 1.124
59 1.130
60 1.138
61 1.145
62 1.151
63 1.163
64 1.168
65 1.175
66 1.182
67 1.188
68 1.198
69 1.205
70 1.213
71 1.222
72 1.225
73 1.234
74 1.242
75 1.248
76 1.254
77 1.259
78 1.263
79 1.272
80 1.277
81 1.282
82 1.289
83 1.293
84 1.295
85 1.303
86 1.308
87 1.315
88 1.318
89 1.324
90 1.330
91 1.335
92 1.342
93 1.346
94 1.352
95 1.360
96 1.363
97 1.369
98 1.375
99 1.379
100 1.387
101 1.392
102 1.398
103 1.399
104 1.407
105 1.413
106 1.420
107 1.424
108 1.430
109 1.436
110 1.440
111 1.446
112 1.453
113 1.460
114 1.460
115 1.466
116 1.471
117 1.475
118 1.481
119 1.488
120 1.493
121 1.497
122 1.503
123 1.510
124 1.515
125 1.521
126 1.526
127 1.531
128 1.537
129 1.543
130 1.548
131 1.551
132 1.556
133 1.561
134 1.563
135 1.571
136 1.575
137 1.580
138 1.586
139 1.588
140 1.595
141 1.600
142 1.604
143 1.608
144 1.612
145 1.619
146 1.623
147 1.626
148 1.629
149 1.634
150 1.635
151 1.641
152 1.647
153 1.651
154 1.655
155 1.662
156 1.664
157 1.670
158 1.675
159 1.680
160 1.687
161 1.687
162 1.691
163 1.698
164 1.699
165 1.701
166 1.708
167 1.711
168 1.713
169 1.719
170 1.722
171 1.724
172 1.729
173 1.732
174 1.737
175 1.738
176 1.744
177 1.750
178 1.751
179 1.755
180 1.759
181 1.763
182 1.765
183 1.770
184 1.773
185 1.775
186 1.779
187 1.783
188 1.784
189 1.789
190 1.792
191 1.798
192 1.800
193 1.807
194 1.810
195 1.815
196 1.817
197 1.823
198 1.827
199 1.830
200 1.835
201 1.840
202 1.843
203 1.850
204 1.852
205 1.856
206 1.860
207 1.863
208 1.868
209 1.876
210 1.877
211 1.882
212 1.887
213 1.889
214 1.895
215 1.898
216 1.902
217 1.905
218 1.912
219 1.914
220 1.918
221 1.922
222 1.924
223 1.928
224 1.931
225 1.937
226 1.940
227 1.941
228 1.946
229 1.950
230 1.949
231 1.955
232 1.957
233 1.963
234 1.967
235 1.969
236 1.977
237 1.978
238 1.984
239 1.987
240 1.988
241 1.994
242 1.996
243 1.999
244 2.005
245 2.008
246 2.011
247 2.014
248 2.017
249 2.018
250 2.019
251 2.022
252 2.023
253 2.026
254 2.026
255 2.032
256 2.032
257 2.037
258 2.041
259 2.041
260 2.047
261 2.051
262 2.054
263 2.060
264 2.064
265 2.068
266 2.070
267 2.077
268 2.080
269 2.081
270 2.087
271 2.089
272 2.093
273 2.093
274 2.098
275 2.100
276 2.101
277 2.107
278 2.106
279 2.112
280 2.116
281 2.118
282 2.119
283 2.126
284 2.131
285 2.133
286 2.138
287 2.144
288 2.146
289 2.151
290 2.155
291 2.160
292 2.164
293 2.167
294 2.172
295 2.176
296 2.179
297 2.182
298 2.188
299 2.191
300 2.196
301 2.201
302 2.207
303 2.211
304 2.216
305 2.220
306 2.224
307 2.231
308 2.235
309 2.239
310 2.242
311 2.246
312 2.248
313 2.251
314 2.254
315 2.257
316 2.262
317 2.266
318 2.267
319 2.270
320 2.274
321 2.278
322 2.282
323 2.285
324 2.290
325 2.293
326 2.297
327 2.302
328 2.305
329 2.311
330 2.316
331 2.316
332 2.319
333 2.321
334 2.325
335 2.327
336 2.331
337 2.333
338 2.335
339 2.341
340 2.342
341 2.345
342 2.349
343 2.350
344 2.354
345 2.355
346 2.358
347 2.360
348 2.362
349 2.363
350 2.368
351 2.372
352 2.378
353 2.378
354 2.384
355 2.389
356 2.391
357 2.398
358 2.398
359 2.401
360 2.404
361 2.406
362 2.411
363 2.414
364 2.418
365 2.423
366 2.426
367 2.431
368 2.431
369 2.435
370 2.439
371 2.439
372 2.445
373 2.446
374 2.449
375 2.452
376 2.455
377 2.458
378 2.462
379 2.469
380 2.469
381 2.472
382 2.480
383 2.480
384 2.485
385 2.490
386 2.493
387 2.496
388 2.501
389 2.504
390 2.505
391 2.512
392 2.515
393 2.519
394 2.523
395 2.525
396 2.525
397 2.529
398 2.530
399 2.532
400 2.534
401 2.538
402 2.540
403 2.540
404 2.546
405 2.548
406 2.550
407 2.553
408 2.558
409 2.558
410 2.564
411 2.567
412 2.566
413 2.569
414 2.575
415 2.575
416 2.577
417 2.581
418 2.581
419 2.582
420 2.587
421 2.588
422 2.591
423 2.595
424 2.596
425 2.599
426 2.605
427 2.609
428 2.610
429 2.611
430 2.613
431 2.616
432 2.620
433 2.621
434 2.624
435 2.628
436 2.629
437 2.634
438 2.636
439 2.637
440 2.643
441 2.644
442 2.646
443 2.651
444 2.650
445 2.655
446 2.661
447 2.662
448 2.667
449 2.672
450 2.675
451 2.677
452 2.680
453 2.682
454 2.684
455 2.690
456 2.688
457 2.691
458 2.695
459 2.693
460 2.697
461 2.699
462 2.702
463 2.706
464 2.705
465 2.710
466 2.713
467 2.712
468 2.716
469 2.718
470 2.721
471 2.722
472 2.724
473 2.726
474 2.727
475 2.731
476 2.735
477 2.735
478 2.739
479 2.741
480 2.741
481 2.743
482 2.744
483 2.747
484 2.750
485 2.749
486 2.752
487 2.755
488 2.754
489 2.757
490 2.759
491 2.760
492 2.761
493 2.760
494 2.765
495 2.763
496 2.768
497 2.771
498 2.773
499 2.775
500 2.776
501 2.781
502 2.779
503 2.781
504 2.786
505 2.784
506 2.788
507 2.791
508 2.792
509 2.794
510 2.795
511 2.797
512 2.796
513 2.800
514 2.800
515 2.801
516 2.807
517 2.811
518 2.810
519 2.815
520 2.818
521 2.820
522 2.822
523 2.822
524 2.825
525 2.824
526 2.827
527 2.831
528 2.830
529 2.832
530 2.835
531 2.838
532 2.839
533 2.841
534 2.845
535 2.846
536 2.849
537 2.852
538 2.856
539 2.859
540 2.859
541 2.863
542 2.869
543 2.870
544 2.874
545 2.877
546 2.880
547 2.881
548 2.886
549 2.888
550 2.889
551 2.890
552 2.896
553 2.898
554 2.900
555 2.904
556 2.905
557 2.906
558 2.913
559 2.915
560 2.914
561 2.917
562 2.921
563 2.921
564 2.925
565 2.928
566 2.931
567 2.932
568 2.932
569 2.937
570 2.937
571 2.941
572 2.944
573 2.946
574 2.949
575 2.952
576 2.956
577 2.959
578 2.961
579 2.966
580 2.969
581 2.969
582 2.972
583 2.975
584 2.977
585 2.980
586 2.984
587 2.984
588 2.986
589 2.988
590 2.991
591 2.993
592 2.996
593 3.001
594 3.002
595 3.008
596 3.011
597 3.015
598 3.014
599 3.018
600 3.021
601 3.022
602 3.026
603 3.029
604 3.033
605 3.038
606 3.042
607 3.046
608 3.049
609 3.049
610 3.050
611 3.053
612 3.055
613 3.056
614 3.058
615 3.062
616 3.063
617 3.067
618 3.069
619 3.070
620 3.075
621 3.076
622 3.080
623 3.079
624 3.083
625 3.088
626 3.090
627 3.093
628 3.096
629 3.099
630 3.100
631 3.106
632 3.106
633 3.108
634 3.112
635 3.115
636 3.114
637 3.120
638 3.122
639 3.123
640 3.124
641 3.128
642 3.131
643 3.135
644 3.137
645 3.138
646 3.142
647 3.143
648 3.145
649 3.151
650 3.150
651 3.152
652 3.155
653 3.156
654 3.157
655 3.163
656 3.164
657 3.167
658 3.170
659 3.171
660 3.173
661 3.175
662 3.180
663 3.182
664 3.183
665 3.185
666 3.185
667 3.189
668 3.190
669 3.192
670 3.196
671 3.197
672 3.201
673 3.201
674 3.204
675 3.207
676 3.209
677 3.211
678 3.212
679 3.213
680 3.217
681 3.218
682 3.219
683 3.218
684 3.221
685 3.225
686 3.227
687 3.227
688 3.228
689 3.233
690 3.230
691 3.235
692 3.238
693 3.236
694 3.238
695 3.240
696 3.237
697 3.241
698 3.240
699 3.240
700 3.244
701 3.242
702 3.241
703 3.245
704 3.242
705 3.244
706 3.245
707 3.247
708 3.245
709 3.248
710 3.250
711 3.251
712 3.255
713 3.254
714 3.257
715 3.258
716 3.260
717 3.260
718 3.262
719 3.264
720 3.264
721 3.265
722 3.268
723 3.269
724 3.274
725 3.274
726 3.274
727 3.278
728 3.278
729 3.278
730 3.280
731 3.282
732 3.280
733 3.282
734 3.285
735 3.287
736 3.289
737 3.292
738 3.293
739 3.294
740 3.296
741 3.300
742 3.302
743 3.302
744 3.304
745 3.307
746 3.306
747 3.307
748 3.309
749 3.309
750 3.312
751 3.315
752 3.316
753 3.318
754 3.323
755 3.325
756 3.326
757 3.328
758 3.333
759 3.335
760 3.339
761 3.339
762 3.342
763 3.346
764 3.348
765 3.352
766 3.354
767 3.355
768 3.356
769 3.359
770 3.362
771 3.364
772 3.368
773 3.370
774 3.372
775 3.374
776 3.379
777 3.380
778 3.380
779 3.385
780 3.384
781 3.389
782 3.390
783 3.392
784 3.394
785 3.396
786 3.400
787 3.401
788 3.406
789 3.408
790 3.408
791 3.411
792 3.414
793 3.412
794 3.416
795 3.420
796 3.419
797 3.424
798 3.424
799 3.427
800 3.431
801 3.432
802 3.435
803 3.438
804 3.440
805 3.443
806 3.446
807 3.448
808 3.449
809 3.453
810 3.454
811 3.457
812 3.459
813 3.462
814 3.465
815 3.466
816 3.470
817 3.469
818 3.472
819 3.473
820 3.475
821 3.475
822 3.479
823 3.482
824 3.480
825 3.486
826 3.487
827 3.489
828 3.491
829 3.493
830 3.496
831 3.497
832 3.500
833 3.503
834 3.507
835 3.509
836 3.513
837 3.514
838 3.519
839 3.520
840 3.521
841 3.525
842 3.525
843 3.528
844 3.529
845 3.529
846 3.531
847 3.532
848 3.534
849 3.537
850 3.535
851 3.537
852 3.538
853 3.540
854 3.543
855 3.542
856 3.545
857 3.547
858 3.548
859 3.550
860 3.553
861 3.556
862 3.559
863 3.559
864 3.563
865 3.567
866 3.565
867 3.570
868 3.571
869 3.573
870 3.576
871 3.576
872 3.578
873 3.583
874 3.584
875 3.588
876 3.589
877 3.589
878 3.592
879 3.592
880 3.595
881 3.598
882 3.599
883 3.603
884 3.606
885 3.608
886 3.612
887 3.612
888 3.618
889 3.621
890 3.622
891 3.624
892 3.626
893 3.627
894 3.628
895 3.631
896 3.628
897 3.630
898 3.636
899 3.639
900 3.642
901 3.642
902 3.647
903 3.653
904 3.652
905 3.654
906 3.659
907 3.656
908 3.660
909 3.665
910 3.665
911 3.668
912 3.674
913 3.675
914 3.676
915 3.679
916 3.684
917 3.688
918 3.692
919 3.697
920 3.699
921 3.702
922 3.708
923 3.709
924 3.710
925 3.713
926 3.715
927 3.717
928 3.721
929 3.725
930 3.726
931 3.728
932 3.731
933 3.729
934 3.734
935 3.732
936 3.733
937 3.735
938 3.737
939 3.740
940 3.742
941 3.741
942 3.743
943 3.745
944 3.745
945 3.747
946 3.747
947 3.751
948 3.755
949 3.756
950 3.758
951 3.759
952 3.762
953 3.767
954 3.765
955 3.768
956 3.770
957 3.775
958 3.777
959 3.778
960 3.782
961 3.785
962 3.784
963 3.789
964 3.791
965 3.794
966 3.797
967 3.799
968 3.801
969 3.800
970 3.804
971 3.809
972 3.809
973 3.810
974 3.812
975 3.815
976 3.818
977 3.821
978 3.824
979 3.824
980 3.830
981 3.828
982 3.830
983 3.833
984 3.835
985 3.837
986 3.838
987 3.842
988 3.844
989 3.846
990 3.844
991 3.847
992 3.849
993 3.849
994 3.852
995 3.851
996 3.855
997 3.856
998 3.858
999 3.860
1000 3.861
1001 3.864
1002 3.864
1003 3.867
1004 3.867
1005 3.868
1006 3.871
1007 3.872
1008 3.872
1009 3.876
1010 3.878
1011 3.879
1012 3.882
1013 3.887
1014 3.888
1015 3.890
1016 3.892
1017 3.892
1018 3.894
1019 3.899
1020 3.900
1021 3.903
1022 3.905
1023 3.904
1024 3.910
1025 3.911
1026 3.911
1027 3.912
1028 3.915
1029 3.918
1030 3.918
1031 3.920
1032 3.921
1033 3.922
1034 3.925
1035 3.926
1036 3.928
1037 3.931
1038 3.936
1039 3.938
1040 3.939
1041 3.942
1042 3.943
1043 3.945
1044 3.946
1045 3.951
1046 3.953
1047 3.952
1048 3.958
1049 3.958
1050 3.961
1051 3.961
1052 3.963
1053 3.967
1054 3.966
1055 3.970
1056 3.969
1057 3.970
1058 3.969
1059 3.972
1060 3.973
1061 3.976
1062 3.979
1063 3.985
1064 3.988
1065 3.992
1066 3.993
1067 3.997
1068 4.000
1069 4.001
1070 4.005
1071 4.008
1072 4.008
1073 4.007
1074 4.013
1075 4.015
1076 4.015
1077 4.016
1078 4.018
1079 4.019
1080 4.023
1081 4.025
1082 4.025
1083 4.030
1084 4.030
1085 4.031
1086 4.030
1087 4.030
1088 4.034
1089 4.037
1090 4.035
1091 4.039
1092 4.040
1093 4.042
1094 4.042
1095 4.042
1096 4.043
1097 4.044
1098 4.047
1099 4.049
1100 4.050
1101 4.053
1102 4.054
1103 4.056
1104 4.060
1105 4.061
1106 4.062
1107 4.064
1108 4.068
1109 4.068
1110 4.071
1111 4.074
1112 4.076
1113 4.078
1114 4.078
1115 4.080
1116 4.083
1117 4.082
1118 4.086
1119 4.086
1120 4.088
1121 4.090
1122 4.089
1123 4.091
1124 4.095
1125 4.096
1126 4.100
1127 4.103
1128 4.104
1129 4.106
1130 4.111
1131 4.110
1132 4.114
1133 4.115
1134 4.118
1135 4.121
1136 4.120
1137 4.124
1138 4.124
1139 4.127
1140 4.131
1141 4.128
1142 4.133
1143 4.137
1144 4.136
1145 4.136
1146 4.137
1147 4.139
1148 4.139
1149 4.138
1150 4.141
1151 4.139
1152 4.143
1153 4.144
1154 4.146
1155 4.148
1156 4.148
1157 4.150
1158 4.152
1159 4.153
1160 4.157
1161 4.158
1162 4.159
1163 4.162
1164 4.164
1165 4.164
1166 4.164
1167 4.168
1168 4.168
1169 4.171
1170 4.171
1171 4.172
1172 4.176
1173 4.175
1174 4.178
1175 4.180
1176 4.183
1177 4.184
1178 4.184
1179 4.188
1180 4.191
1181 4.194
1182 4.195
1183 4.196
1184 4.198
1185 4.204
1186 4.205
1187 4.209
1188 4.211
1189 4.213
1190 4.220
1191 4.222
1192 4.224
1193 4.229
1194 4.233
1195 4.234
1196 4.239
1197 4.240
1198 4.242
1199 4.242
1200 4.245
1201 4.246
1202 4.247
1203 4.249
1204 4.250
1205 4.255
1206 4.256
1207 4.256
1208 4.260
1209 4.262
1210 4.266
1211 4.270
1212 4.273
1213 4.276
1214 4.277
1215 4.280
1216 4.283
1217 4.286
1218 4.288
1219 4.290
1220 4.291
1221 4.295
1222 4.295
1223 4.298
1224 4.303
1225 4.305
1226 4.311
1227 4.313
1228 4.316
1229 4.318
1230 4.320
1231 4.324
1232 4.325
1233 4.328
1234 4.329
1235 4.333
1236 4.334
1237 4.339
1238 4.341
1239 4.342
1240 4.345
1241 4.345
1242 4.344
1243 4.347
1244 4.346
1245 4.348
1246 4.351
1247 4.348
1248 4.353
1249 4.354
1250 4.354
1251 4.357
1252 4.357
1253 4.360
1254 4.364
1255 4.364
1256 4.367
1257 4.370
1258 4.371
1259 4.375
1260 4.378
1261 4.380
1262 4.380
1263 4.385
1264 4.384
1265 4.385
1266 4.389
1267 4.388
1268 4.391
1269 4.395
1270 4.397
1271 4.401
1272 4.404
1273 4.407
1274 4.410
1275 4.411
1276 4.413
1277 4.412
1278 4.414
1279 4.416
1280 4.416
1281 4.419
1282 4.421
1283 4.423
1284 4.424
1285 4.426
1286 4.425
1287 4.429
1288 4.429
1289 4.431
1290 4.432
1291 4.431
1292 4.430
1293 4.433
1294 4.435
1295 4.437
1296 4.437
1297 4.440
1298 4.441
1299 4.443
1300 4.447
1301 4.450
1302 4.453
1303 4.457
1304 4.456
1305 4.463
1306 4.464
1307 4.465
1308 4.469
1309 4.471
1310 4.473
1311 4.477
1312 4.479
1313 4.484
1314 4.487
1315 4.494
1316 4.494
1317 4.498
1318 4.500
1319 4.502
1320 4.504
1321 4.505
1322 4.503
1323 4.505
1324 4.507
1325 4.508
1326 4.512
1327 4.515
1328 4.519
1329 4.522
1330 4.524
1331 4.529
1332 4.531
1333 4.532
1334 4.534
1335 4.538
1336 4.539
1337 4.543
1338 4.546
1339 4.547
1340 4.548
1341 4.552
1342 4.553
1343 4.556
1344 4.559
1345 4.562
1346 4.563
1347 4.568
1348 4.569
1349 4.574
1350 4.577
1351 4.582
1352 4.586
1353 4.590
1354 4.594
1355 4.595
1356 4.600
1357 4.600
1358 4.603
1359 4.606
1360 4.611
1361 4.613
1362 4.615
1363 4.621
1364 4.623
1365 4.628
1366 4.632
1367 4.633
1368 4.637
1369 4.639
1370 4.641
1371 4.643
1372 4.644
1373 4.648
1374 4.650
1375 4.649
1376 4.653
1377 4.654
1378 4.655
1379 4.657
1380 4.660
1381 4.663
1382 4.664
1383 4.668
1384 4.670
1385 4.674
1386 4.678
1387 4.682
1388 4.683
1389 4.685
1390 4.688
1391 4.690
1392 4.692
1393 4.694
1394 4.696
1395 4.700
1396 4.704
1397 4.705
1398 4.710
1399 4.712
1400 4.714
1401 4.717
1402 4.720
1403 4.726
1404 4.727
1405 4.730
1406 4.733
1407 4.733
1408 4.732
1409 4.736
1410 4.738
1411 4.739
1412 4.744
1413 4.744
1414 4.748
1415 4.749
1416 4.752
1417 4.755
1418 4.757
1419 4.758
1420 4.760
1421 4.763
1422 4.764
1423 4.767
1424 4.771
1425 4.773
1426 4.773
1427 4.778
1428 4.779
1429 4.778
1430 4.785
1431 4.785
1432 4.789
1433 4.793
1434 4.792
1435 4.793
1436 4.800
1437 4.802
1438 4.805
1439 4.806
1440 4.805
1441 4.810
1442 4.810
1443 4.813
1444 4.818
1445 4.817
1446 4.820
1447 4.821
1448 4.824
1449 4.825
1450 4.826
1451 4.831
1452 4.834
1453 4.838
1454 4.841
1455 4.842
1456 4.844
1457 4.846
1458 4.847
1459 4.851
1460 4.855
1461 4.858
1462 4.860
1463 4.865
1464 4.866
1465 4.864
1466 4.871
1467 4.872
1468 4.871
1469 4.876
1470 4.878
1471 4.879
1472 4.884
1473 4.889
1474 4.893
1475 4.893
1476 4.897
1477 4.900
1478 4.902
1479 4.907
1480 4.909
1481 4.913
1482 4.913
1483 4.918
1484 4.920
1485 4.922
1486 4.924
1487 4.927
1488 4.928
1489 4.934
1490 4.934
1491 4.935
1492 4.940
1493 4.941
1494 4.944
1495 4.946
1496 4.945
1497 4.948
1498 4.949
1499 4.951
1500 4.954
1501 4.958
1502 4.960
1503 4.966
1504 4.969
1505 4.974
1506 4.975
1507 4.979
1508 4.983
1509 4.986
1510 4.989
1511 4.994
1512 4.996
1513 4.999
1514 5.002
1515 5.003
1516 5.006
1517 5.008
1518 5.008
1519 5.011
1520 5.011
1521 5.015
1522 5.016
1523 5.018
1524 5.020
1525 5.022
1526 5.024
1527 5.025
1528 5.029
1529 5.030
1530 5.033
1531 5.034
1532 5.038
1533 5.040
1534 5.041
1535 5.043
1536 5.046
1537 5.046
1538 5.050
1539 5.052
1540 5.052
1541 5.057
1542 5.057
1543 5.059
1544 5.059
1545 5.063
1546 5.064
1547 5.064
1548 5.066
1549 5.066
1550 5.070
1551 5.071
1552 5.073
1553 5.076
1554 5.078
1555 5.080
1556 5.082
1557 5.084
1558 5.085
1559 5.089
1560 5.093
1561 5.091
1562 5.096
1563 5.098
1564 5.097
1565 5.099
1566 5.099
1567 5.101
1568 5.103
1569 5.102
1570 5.104
1571 5.105
1572 5.106
1573 5.107
1574 5.113
1575 5.115
1576 5.117
1577 5.119
1578 5.123
1579 5.126
1580 5.129
1581 5.130
1582 5.135
1583 5.138
1584 5.141
1585 5.141
1586 5.144
1587 5.145
1588 5.147
1589 5.149
1590 5.153
1591 5.154
1592 5.157
1593 5.160
1594 5.163
1595 5.165
1596 5.167
1597 5.172
1598 5.174
1599 5.175
1600 5.178
1601 5.181
1602 5.184
1603 5.186
1604 5.194
1605 5.195
1606 5.196
1607 5.200
1608 5.203
1609 5.202
1610 5.204
1611 5.208
1612 5.210
1613 5.211
1614 5.214
1615 5.215
1616 5.218
1617 5.221
1618 5.221
1619 5.227
1620 5.230
1621 5.231
1622 5.237
1623 5.239
1624 5.241
1625 5.243
1626 5.247
1627 5.250
1628 5.253
1629 5.252
1630 5.252
1631 5.257
1632 5.258
1633 5.258
1634 5.259
1635 5.263
1636 5.264
1637 5.267
1638 5.270
1639 5.270
1640 5.273
1641 5.276
1642 5.277
1643 5.278
1644 5.280
1645 5.283
1646 5.284
1647 5.285
1648 5.287
1649 5.289
1650 5.291
1651 5.294
1652 5.298
1653 5.301
1654 5.302
1655 5.309
1656 5.310
1657 5.313
1658 5.316
1659 5.317
1660 5.318
1661 5.319
1662 5.320
1663 5.321
1664 5.322
1665 5.322
1666 5.327
1667 5.326
1668 5.330
1669 5.331
1670 5.333
1671 5.332
1672 5.336
1673 5.338
1674 5.340
1675 5.343
1676 5.346
1677 5.346
1678 5.347
1679 5.351
1680 5.356
1681 5.356
1682 5.360
1683 5.362
1684 5.361
1685 5.365
1686 5.365
1687 5.366
1688 5.368
1689 5.370
1690 5.373
1691 5.374
1692 5.377
1693 5.382
1694 5.383
1695 5.385
1696 5.389
1697 5.392
1698 5.391
1699 5.396
1700 5.399
1701 5.400
1702 5.402
1703 5.403
1704 5.405
1705 5.406
1706 5.408
1707 5.411
1708 5.413
1709 5.412
1710 5.413
1711 5.416
1712 5.418
1713 5.419
1714 5.421
1715 5.421
1716 5.425
1717 5.427
1718 5.427
1719 5.430
1720 5.429
1721 5.433
1722 5.434
1723 5.433
1724 5.435
1725 5.435
1726 5.435
1727 5.440
1728 5.441
1729 5.443
1730 5.446
1731 5.449
1732 5.451
1733 5.455
1734 5.458
1735 5.460
1736 5.464
1737 5.468
1738 5.470
1739 5.472
1740 5.472
1741 5.477
1742 5.480
1743 5.482
1744 5.487
1745 5.490
1746 5.491
1747 5.496
1748 5.500
1749 5.504
1750 5.506
1751 5.510
1752 5.513
1753 5.516
1754 5.520
1755 5.522
1756 5.527
1757 5.528
1758 5.531
1759 5.534
1760 5.535
1761 5.536
1762 5.539
1763 5.545
1764 5.546
1765 5.546
1766 5.551
1767 5.554
1768 5.555
1769 5.557
1770 5.557
1771 5.561
1772 5.563
1773 5.565
1774 5.567
1775 5.569
1776 5.572
1777 5.571
1778 5.575
1779 5.579
1780 5.581
1781 5.584
1782 5.586
1783 5.591
1784 5.595
1785 5.595
1786 5.601
1787 5.602
1788 5.605
1789 5.610
1790 5.612
1791 5.615
1792 5.616
1793 5.618
1794 5.624
1795 5.627
1796 5.626
1797 5.631
1798 5.632
1799 5.635
1800 5.638
1801 5.638
1802 5.642
1803 5.642
1804 5.644
1805 5.648
1806 5.649
1807 5.652
1808 5.655
1809 5.654
1810 5.658
1811 5.658
1812 5.659
1813 5.661
1814 5.661
1815 5.664
1816 5.665
1817 5.668
1818 5.667
1819 5.669
1820 5.672
1821 5.672
1822 5.673
1823 5.676
1824 5.678
1825 5.681
1826 5.684
1827 5.689
1828 5.687
1829 5.692
1830 5.695
1831 5.698
1832 5.699
1833 5.703
1834 5.703
1835 5.706
1836 5.710
1837 5.711
1838 5.715
1839 5.716
1840 5.720
1841 5.722
1842 5.726
1843 5.727
1844 5.731
1845 5.734
1846 5.735
1847 5.740
1848 5.743
1849 5.747
1850 5.749
1851 5.752
1852 5.754
1853 5.755
1854 5.758
1855 5.763
1856 5.766
1857 5.769
1858 5.773
1859 5.775
1860 5.778
1861 5.781
1862 5.787
1863 5.786
1864 5.788
1865 5.794
1866 5.792
1867 5.797
1868 5.799
1869 5.801
1870 5.803
1871 5.805
1872 5.808
1873 5.811
1874 5.810
1875 5.815
1876 5.818
1877 5.818
1878 5.821
1879 5.824
1880 5.828
1881 5.828
1882 5.831
1883 5.833
1884 5.832
1885 5.831
1886 5.836
1887 5.836
1888 5.836
1889 5.837
1890 5.839
1891 5.836
1892 5.836
1893 5.838
1894 5.838
1895 5.839
1896 5.845
1897 5.843
1898 5.845
1899 5.845
1900 5.845
1901 5.849
1902 5.849
1903 5.846
1904 5.848
1905 5.849
1906 5.851
1907 5.852
1908 5.855
1909 5.855
1910 5.858
1911 5.860
1912 5.859
1913 5.862
1914 5.866
1915 5.868
1916 5.870
1917 5.874
1918 5.875
1919 5.878
1920 5.881
1921 5.884
1922 5.891
1923 5.894
1924 5.897
1925 5.900
1926 5.904
1927 5.906
1928 5.910
1929 5.912
1930 5.916
1931 5.917
1932 5.920
1933 5.923
1934 5.926
1935 5.929
1936 5.932
1937 5.934
1938 5.936
1939 5.940
1940 5.939
1941 5.941
1942 5.945
1943 5.947
1944 5.952
1945 5.952
1946 5.958
1947 5.961
1948 5.963
1949 5.966
1950 5.969
1951 5.972
1952 5.973
1953 5.978
1954 5.979
1955 5.981
1956 5.986
1957 5.989
1958 5.991
1959 5.996
1960 5.997
1961 5.999
1962 6.004
1963 6.004
1964 6.006
1965 6.010
1966 6.011
1967 6.014
1968 6.017
1969 6.017
1970 6.020
1971 6.022
1972 6.024
1973 6.027
1974 6.026
1975 6.029
1976 6.033
1977 6.034
1978 6.039
1979 6.043
1980 6.047
1981 6.051
1982 6.052
1983 6.056
1984 6.063
1985 6.063
1986 6.073
1987 6.073
1988 6.078
1989 6.080
1990 6.083
1991 6.086
1992 6.083
1993 6.088
1994 6.089
1995 6.089
1996 6.093
1997 6.091
1998 6.095
1999 6.099
2000 6.099
2001 6.101
2002 6.103
2003 6.104
2004 6.107
2005 6.109
2006 6.112
2007 6.114
2008 6.115
2009 6.116
2010 6.119
2011 6.120
2012 6.120
2013 6.126
2014 6.126
2015 6.129
2016 6.133
2017 6.135
2018 6.138
2019 6.145
2020 6.143
2021 6.147
2022 6.152
2023 6.154
2024 6.158
2025 6.160
2026 6.164
2027 6.165
2028 6.167
2029 6.170
2030 6.173
2031 6.175
2032 6.177
2033 6.180
2034 6.183
2035 6.187
2036 6.190
2037 6.192
2038 6.192
2039 6.196
2040 6.201
2041 6.201
2042 6.205
2043 6.208
2044 6.210
2045 6.217
2046 6.218
2047 6.220
2048 6.224
2049 6.226
2050 6.232
2051 6.233
2052 6.234
2053 6.238
2054 6.238
2055 6.242
2056 6.244
2057 6.245
2058 6.250
2059 6.248
2060 6.249
2061 6.251
2062 6.250
2063 6.249
2064 6.251
2065 6.252
2066 6.251
2067 6.254
2068 6.255
2069 6.258
2070 6.260
2071 6.259
2072 6.263
2073 6.267
2074 6.267
2075 6.269
2076 6.272
2077 6.274
2078 6.274
2079 6.278
2080 6.280
2081 6.279
2082 6.282
2083 6.287
2084 6.286
2085 6.289
2086 6.293
2087 6.296
2088 6.299
2089 6.300
2090 6.300
2091 6.304
2092 6.307
2093 6.309
2094 6.312
2095 6.315
2096 6.318
2097 6.317
2098 6.321
2099 6.324
2100 6.326
2101 6.326
2102 6.329
2103 6.331
2104 6.337
2105 6.335
2106 6.337
2107 6.340
2108 6.341
2109 6.343
2110 6.344
2111 6.347
2112 6.349
2113 6.352
2114 6.353
2115 6.354
2116 6.354
2117 6.356
2118 6.357
2119 6.353
2120 6.358
2121 6.356
2122 6.357
2123 6.359
2124 6.360
2125 6.360
2126 6.361
2127 6.363
2128 6.361
2129 6.365
2130 6.368
2131 6.366
2132 6.372
2133 6.371
2134 6.371
2135 6.375
2136 6.379
2137 6.380
2138 6.382
2139 6.384
2140 6.386
2141 6.386
2142 6.388
2143 6.395
2144 6.395
2145 6.398
2146 6.399
2147 6.404
2148 6.406
2149 6.405
2150 6.412
2151 6.411
2152 6.415
2153 6.421
2154 6.420
2155 6.423
2156 6.427
2157 6.427
2158 6.432
2159 6.431
2160 6.433
2161 6.437
2162 6.440
2163 6.441
2164 6.446
2165 6.446
2166 6.450
2167 6.453
2168 6.455
2169 6.457
2170 6.461
2171 6.461
2172 6.463
2173 6.463
2174 6.467
2175 6.470
2176 6.473
2177 6.477
2178 6.479
2179 6.481
2180 6.485
2181 6.489
2182 6.489
2183 6.493
2184 6.495
2185 6.498
2186 6.500
2187 6.500
2188 6.499
2189 6.500
2190 6.499
2191 6.500
2192 6.501
2193 6.502
2194 6.506
2195 6.507
2196 6.509
2197 6.509
2198 6.512
2199 6.509
2200 6.509
2201 6.509
2202 6.508
2203 6.511
2204 6.512
2205 6.512
2206 6.516
2207 6.514
2208 6.517
2209 6.518
2210 6.519
2211 6.520
2212 6.523
2213 6.522
2214 6.523
2215 6.527
2216 6.527
2217 6.526
2218 6.530
2219 6.530
2220 6.532
2221 6.534
2222 6.535
2223 6.537
2224 6.539
2225 6.541
2226 6.543
2227 6.543
2228 6.548
2229 6.551
2230 6.554
2231 6.554
2232 6.556
2233 6.557
2234 6.553
2235 6.555
2236 6.558
2237 6.558
2238 6.561
2239 6.560
2240 6.565
2241 6.569
2242 6.570
2243 6.574
2244 6.577
2245 6.581
2246 6.580
2247 6.582
2248 6.586
2249 6.591
2250 6.591
2251 6.592
2252 6.592
2253 6.594
2254 6.598
2255 6.598
2256 6.601
2257 6.605
2258 6.609
2259 6.613
2260 6.614
2261 6.618
2262 6.620
2263 6.625
2264 6.627
2265 6.629
2266 6.631
2267 6.634
2268 6.638
2269 6.640
2270 6.641
2271 6.645
2272 6.645
2273 6.645
2274 6.648
2275 6.647
2276 6.650
2277 6.652
2278 6.651
2279 6.655
2280 6.656
2281 6.654
2282 6.660
2283 6.663
2284 6.667
2285 6.672
2286 6.672
2287 6.675
2288 6.678
2289 6.678
2290 6.681
2291 6.687
2292 6.688
2293 6.691
2294 6.693
2295 6.694
2296 6.696
2297 6.700
2298 6.702
2299 6.706
2300 6.707
2301 6.709
2302 6.712
2303 6.713
2304 6.714
2305 6.717
2306 6.720
2307 6.722
2308 6.725
2309 6.729
2310 6.732
2311 6.732
2312 6.735
2313 6.738
2314 6.741
2315 6.742
2316 6.743
2317 6.743
2318 6.745
2319 6.747
2320 6.748
2321 6.750
2322 6.749
2323 6.752
2324 6.754
2325 6.753
2326 6.755
2327 6.759
2328 6.759
2329 6.762
2330 6.765
2331 6.768
2332 6.768
2333 6.773
2334 6.774
2335 6.777
2336 6.781
2337 6.780
2338 6.783
2339 6.784
2340 6.785
2341 6.787
2342 6.788
2343 6.791
2344 6.792
2345 6.793
2346 6.796
2347 6.797
2348 6.798
2349 6.801
2350 6.802
2351 6.807
2352 6.807
2353 6.808
2354 6.810
2355 6.810
2356 6.813
2357 6.811
2358 6.815
2359 6.816
2360 6.819
2361 6.822
2362 6.824
2363 6.827
2364 6.827
2365 6.832
2366 6.830
2367 6.836
2368 6.839
2369 6.839
2370 6.842
2371 6.843
2372 6.845
2373 6.846
2374 6.848
2375 6.850
2376 6.850
2377 6.854
2378 6.854
2379 6.857
2380 6.861
2381 6.860
2382 6.860
2383 6.862
2384 6.864
2385 6.865
2386 6.868
2387 6.869
2388 6.872
2389 6.873
2390 6.873
2391 6.876
2392 6.876
2393 6.880
2394 6.881
2395 6.882
2396 6.884
2397 6.885
2398 6.888
2399 6.889
2400 6.891
2401 6.892
2402 6.896
2403 6.896
2404 6.898
2405 6.900
2406 6.904
2407 6.906
2408 6.907
2409 6.911
2410 6.911
2411 6.911
2412 6.916
2413 6.916
2414 6.917
2415 6.918
2416 6.920
2417 6.922
2418 6.925
2419 6.927
2420 6.928
2421 6.928
2422 6.931
2423 6.933
2424 6.933
2425 6.935
2426 6.935
2427 6.937
2428 6.937
2429 6.935
2430 6.939
2431 6.937
2432 6.939
2433 6.942
2434 6.940
2435 6.944
2436 6.944
2437 6.946
2438 6.945
2439 6.944
2440 6.943
2441 6.942
2442 6.943
2443 6.943
2444 6.942
2445 6.941
2446 6.943
2447 6.944
2448 6.945
2449 6.946
2450 6.947
2451 6.948
2452 6.949
2453 6.950
2454 6.952
2455 6.953
2456 6.952
2457 6.953
2458 6.954
2459 6.952
2460 6.954
2461 6.955
2462 6.953
2463 6.959
2464 6.959
2465 6.960
2466 6.962
2467 6.962
2468 6.961
2469 6.961
2470 6.959
2471 6.961
2472 6.962
2473 6.961
2474 6.962
2475 6.961
2476 6.963
2477 6.963
2478 6.964
2479 6.963
2480 6.964
2481 6.966
2482 6.968
2483 6.967
2484 6.969
2485 6.968
2486 6.968
2487 6.966
2488 6.968
2489 6.966
2490 6.967
2491 6.970
2492 6.966
2493 6.968
2494 6.970
2495 6.969
2496 6.970
2497 6.973
2498 6.972
2499 6.972
2500 6.970
2501 6.973
2502 6.971
2503 6.971
2504 6.973
2505 6.975
2506 6.974
2507 6.976
2508 6.978
2509 6.978
2510 6.979
2511 6.978
2512 6.982
2513 6.980
2514 6.983
2515 6.984
2516 6.988
2517 6.990
2518 6.989
2519 6.992
2520 6.996
2521 6.996
2522 6.995
2523 6.999
2524 7.001
2525 7.002
2526 7.004
2527 7.005
2528 7.007
2529 7.010
2530 7.009
2531 7.010
2532 7.010
2533 7.008
2534 7.012
2535 7.013
2536 7.010
2537 7.012
2538 7.013
2539 7.013
2540 7.013
2541 7.012
2542 7.014
2543 7.015
2544 7.012
2545 7.015
2546 7.017
2547 7.017
2548 7.017
2549 7.021
2550 7.021
2551 7.022
2552 7.028
2553 7.029
2554 7.028
2555 7.030
2556 7.033
2557 7.034
2558 7.037
2559 7.041
2560 7.042
2561 7.043
2562 7.049
2563 7.048
2564 7.050
2565 7.050
2566 7.052
2567 7.052
2568 7.052
2569 7.052
2570 7.054
2571 7.052
2572 7.052
2573 7.053
2574 7.052
2575 7.053
2576 7.052
2577 7.053
2578 7.054
2579 7.054
2580 7.057
2581 7.058
2582 7.061
2583 7.064
2584 7.063
2585 7.065
2586 7.069
2587 7.070
2588 7.071
2589 7.071
2590 7.073
2591 7.075
2592 7.074
2593 7.077
2594 7.081
2595 7.082
2596 7.082
2597 7.083
2598 7.086
2599 7.087
2600 7.087
2601 7.093
2602 7.092
2603 7.093
2604 7.097
2605 7.100
2606 7.099
2607 7.103
2608 7.106
2609 7.107
2610 7.109
2611 7.111
2612 7.112
2613 7.112
2614 7.115
2615 7.117
2616 7.115
2617 7.117
2618 7.121
2619 7.124
2620 7.124
2621 7.125
2622 7.128
2623 7.129
2624 7.127
2625 7.127
2626 7.126
2627 7.129
2628 7.132
2629 7.133
2630 7.135
2631 7.138
2632 7.139
2633 7.141
2634 7.143
2635 7.144
2636 7.146
2637 7.145
2638 7.150
2639 7.147
2640 7.150
2641 7.152
2642 7.152
2643 7.152
2644 7.155
2645 7.159
2646 7.160
2647 7.161
2648 7.164
2649 7.165
2650 7.167
2651 7.170
2652 7.170
2653 7.171
2654 7.170
2655 7.172
2656 7.173
2657 7.173
2658 7.177
2659 7.175
2660 7.177
2661 7.180
2662 7.180
2663 7.183
2664 7.181
2665 7.183
2666 7.186
2667 7.180
2668 7.182
2669 7.182
2670 7.182
2671 7.184
2672 7.182
2673 7.182
2674 7.186
2675 7.183
2676 7.184
2677 7.189
2678 7.187
2679 7.191
2680 7.192
2681 7.191
2682 7.196
2683 7.199
2684 7.200
2685 7.204
2686 7.206
2687 7.210
2688 7.213
2689 7.215
2690 7.218
2691 7.220
2692 7.223
2693 7.225
2694 7.225
2695 7.226
2696 7.228
2697 7.230
2698 7.232
2699 7.234
2700 7.236
2701 7.238
2702 7.242
2703 7.240
2704 7.247
2705 7.246
2706 7.247
2707 7.252
2708 7.251
2709 7.256
2710 7.259
2711 7.259
2712 7.262
2713 7.263
2714 7.265
2715 7.267
2716 7.268
2717 7.270
2718 7.271
2719 7.270
2720 7.271
2721 7.272
2722 7.268
2723 7.272
2724 7.273
2725 7.272
2726 7.274
2727 7.276
2728 7.275
2729 7.274
2730 7.277
2731 7.277
2732 7.279
2733 7.280
2734 7.279
2735 7.280
2736 7.281
2737 7.281
2738 7.283
2739 7.286
2740 7.286
2741 7.287
2742 7.289
2743 7.289
2744 7.291
2745 7.293
2746 7.293
2747 7.295
2748 7.298
2749 7.298
2750 7.300
2751 7.304
2752 7.305
2753 7.306
2754 7.309
2755 7.309
2756 7.313
2757 7.316
2758 7.316
2759 7.317
2760 7.321
2761 7.319
2762 7.323
2763 7.323
2764 7.320
2765 7.322
2766 7.324
2767 7.321
2768 7.321
2769 7.320
2770 7.320
2771 7.321
2772 7.322
2773 7.321
2774 7.323
2775 7.322
2776 7.325
2777 7.326
2778 7.327
2779 7.329
2780 7.331
2781 7.330
2782 7.333
2783 7.334
2784 7.333
2785 7.333
2786 7.335
2787 7.334
2788 7.335
2789 7.336
2790 7.340
2791 7.338
2792 7.340
2793 7.343
2794 7.343
2795 7.345
2796 7.344
2797 7.346
2798 7.348
2799 7.348
2800 7.349
2801 7.350
2802 7.352
2803 7.355
2804 7.354
2805 7.357
2806 7.359
2807 7.359
2808 7.362
2809 7.365
2810 7.368
2811 7.371
2812 7.373
2813 7.374
2814 7.375
2815 7.376
2816 7.379
2817 7.380
2818 7.379
2819 7.384
2820 7.384
2821 7.383
2822 7.388
2823 7.390
2824 7.392
2825 7.394
2826 7.394
2827 7.398
2828 7.399
2829 7.403
2830 7.404
2831 7.406
2832 7.405
2833 7.408
2834 7.412
2835 7.411
2836 7.414
2837 7.415
2838 7.418
2839 7.419
2840 7.419
2841 7.423
2842 7.423
2843 7.426
2844 7.427
2845 7.430
2846 7.435
2847 7.435
2848 7.439
2849 7.441
2850 7.443
2851 7.444
2852 7.447
2853 7.450
2854 7.452
2855 7.451
2856 7.451
2857 7.455
2858 7.454
2859 7.459
2860 7.459
2861 7.462
2862 7.465
2863 7.462
2864 7.467
2865 7.465
2866 7.469
2867 7.469
2868 7.468
2869 7.471
2870 7.474
2871 7.474
2872 7.477
2873 7.478
2874 7.479
2875 7.478
2876 7.482
2877 7.483
2878 7.485
2879 7.486
2880 7.490
2881 7.491
2882 7.490
2883 7.495
2884 7.496
2885 7.499
2886 7.496
2887 7.500
2888 7.502
2889 7.504
2890 7.504
2891 7.507
2892 7.510
2893 7.513
2894 7.514
2895 7.518
2896 7.518
2897 7.522
2898 7.522
2899 7.524
2900 7.529
2901 7.533
2902 7.534
2903 7.537
2904 7.541
2905 7.543
2906 7.543
2907 7.546
2908 7.549
2909 7.551
2910 7.553
2911 7.555
2912 7.560
2913 7.560
2914 7.563
2915 7.567
2916 7.568
2917 7.571
2918 7.576
2919 7.575
2920 7.578
2921 7.578
2922 7.581
2923 7.587
2924 7.583
2925 7.587
2926 7.592
2927 7.591
2928 7.592
2929 7.595
2930 7.599
2931 7.600
2932 7.600
2933 7.603
2934 7.607
2935 7.607
2936 7.610
2937 7.618
2938 7.620
2939 7.622
2940 7.627
2941 7.626
2942 7.633
2943 7.633
2944 7.636
2945 7.642
2946 7.644
2947 7.646
2948 7.645
2949 7.652
2950 7.653
2951 7.656
2952 7.660
2953 7.662
2954 7.667
2955 7.669
2956 7.672
2957 7.674
2958 7.676
2959 7.679
2960 7.682
2961 7.685
2962 7.687
2963 7.688
2964 7.694
2965 7.693
2966 7.699
2967 7.702
2968 7.701
2969 7.705
2970 7.708
2971 7.709
2972 7.710
2973 7.714
2974 7.715
2975 7.718
2976 7.723
2977 7.724
2978 7.729
2979 7.729
2980 7.732
2981 7.735
2982 7.738
2983 7.741
2984 7.741
2985 7.745
2986 7.747
2987 7.748
2988 7.750
2989 7.750
2990 7.751
2991 7.753
2992 7.753
2993 7.757
2994 7.755
2995 7.757
2996 7.759
2997 7.761
2998 7.763
2999 7.763
3000 7.765
3001 7.765
3002 7.765
3003 7.771
3004 7.770
3005 7.773
3006 7.779
3007 7.782
3008 7.781
3009 7.785
3010 7.785
3011 7.784
3012 7.788
3013 7.789
3014 7.790
3015 7.791
3016 7.794
3017 7.795
3018 7.797
3019 7.800
3020 7.800
3021 7.801
3022 7.805
3023 7.805
3024 7.812
3025 7.811
3026 7.814
3027 7.816
3028 7.817
3029 7.823
3030 7.824
3031 7.824
3032 7.827
3033 7.830
3034 7.830
3035 7.834
3036 7.836
3037 7.840
3038 7.845
3039 7.847
3040 7.849
3041 7.854
3042 7.854
3043 7.858
3044 7.859
3045 7.860
3046 7.863
3047 7.865
3048 7.866
3049 7.870
3050 7.871
3051 7.874
3052 7.878
3053 7.878
3054 7.886
3055 7.885
3056 7.884
3057 7.891
3058 7.891
3059 7.891
3060 7.895
3061 7.895
3062 7.900
3063 7.905
3064 7.908
3065 7.911
3066 7.914
3067 7.918
3068 7.921
3069 7.925
3070 7.924
3071 7.928
3072 7.927
3073 7.928
3074 7.931
3075 7.931
3076 7.935
3077 7.937
3078 7.940
3079 7.943
3080 7.944
3081 7.949
3082 7.949
3083 7.952
3084 7.955
3085 7.958
3086 7.959
3087 7.961
3088 7.961
3089 7.961
3090 7.967
3091 7.971
3092 7.974
3093 7.975
3094 7.979
3095 7.980
3096 7.987
3097 7.989
3098 7.990
3099 7.994
3100 7.996
3101 8.001
3102 8.003
3103 8.005
3104 8.008
3105 8.012
3106 8.014
3107 8.020
3108 8.022
3109 8.023
3110 8.025
3111 8.026
3112 8.031
3113 8.032
3114 8.032
3115 8.033
3116 8.038
3117 8.043
3118 8.041
3119 8.047
3120 8.050
3121 8.051
3122 8.056
3123 8.057
3124 8.061
3125 8.061
3126 8.065
3127 8.068
3128 8.068
3129 8.070
3130 8.072
3131 8.074
3132 8.076
3133 8.078
3134 8.076
3135 8.079
3136 8.079
3137 8.081
3138 8.084
3139 8.083
3140 8.086
3141 8.088
3142 8.088
3143 8.092
3144 8.093
3145 8.096
3146 8.101
3147 8.103
3148 8.106
3149 8.105
3150 8.112
3151 8.115
3152 8.114
3153 8.118
3154 8.120
3155 8.122
3156 8.126
3157 8.129
3158 8.129
3159 8.132
3160 8.136
3161 8.138
3162 8.142
3163 8.144
3164 8.147
3165 8.149
3166 8.152
3167 8.155
3168 8.157
3169 8.161
3170 8.166
3171 8.168
3172 8.171
3173 8.173
3174 8.174
3175 8.177
3176 8.177
3177 8.181
3178 8.185
3179 8.186
3180 8.190
3181 8.193
3182 8.198
3183 8.200
3184 8.203
3185 8.204
3186 8.207
3187 8.208
3188 8.212
3189 8.216
3190 8.215
3191 8.220
3192 8.222
3193 8.220
3194 8.224
3195 8.230
3196 8.230
3197 8.230
3198 8.232
3199 8.233
3200 8.236
3201 8.238
3202 8.243
3203 8.244
3204 8.244
3205 8.248
3206 8.248
3207 8.250
3208 8.253
3209 8.254
3210 8.255
3211 8.259
3212 8.262
3213 8.264
3214 8.267
3215 8.267
3216 8.272
3217 8.273
3218 8.279
3219 8.281
3220 8.285
3221 8.289
3222 8.289
3223 8.294
3224 8.296
3225 8.296
3226 8.301
3227 8.302
3228 8.303
3229 8.306
3230 8.308
3231 8.309
3232 8.308
3233 8.312
3234 8.314
3235 8.316
3236 8.317
3237 8.319
3238 8.321
3239 8.322
3240 8.321
3241 8.323
3242 8.323
3243 8.323
3244 8.327
3245 8.327
3246 8.329
3247 8.329
3248 8.329
3249 8.333
3250 8.335
3251 8.333
3252 8.333
3253 8.336
3254 8.336
3255 8.340
3256 8.344
3257 8.345
3258 8.350
3259 8.350
3260 8.353
3261 8.357
3262 8.356
3263 8.362
3264 8.361
3265 8.363
3266 8.365
3267 8.364
3268 8.366
3269 8.370
3270 8.373
3271 8.375
3272 8.382
3273 8.380
3274 8.378
3275 8.383
3276 8.385
3277 8.384
3278 8.387
3279 8.390
3280 8.389
3281 8.392
3282 8.392
3283 8.394
3284 8.395
3285 8.399
3286 8.397
3287 8.398
3288 8.402
3289 8.403
3290 8.402
3291 8.406
3292 8.408
3293 8.409
3294 8.409
3295 8.412
3296 8.412
3297 8.413
3298 8.417
3299 8.417
3300 8.418
3301 8.418
3302 8.423
3303 8.424
3304 8.425
3305 8.428
3306 8.428
3307 8.432
3308 8.432
3309 8.435
3310 8.435
3311 8.434
3312 8.436
3313 8.436
3314 8.439
3315 8.442
3316 8.443
3317 8.447
3318 8.446
3319 8.448
3320 8.449
3321 8.454
3322 8.455
3323 8.457
3324 8.457
3325 8.461
3326 8.460
3327 8.465
3328 8.467
3329 8.469
3330 8.473
3331 8.473
3332 8.474
3333 8.475
3334 8.478
3335 8.481
3336 8.483
3337 8.485
3338 8.487
3339 8.488
3340 8.490
3341 8.492
3342 8.493
3343 8.495
3344 8.500
3345 8.503
3346 8.503
3347 8.505
3348 8.505
3349 8.509
3350 8.508
3351 8.509
3352 8.512
3353 8.510
3354 8.514
3355 8.513
3356 8.516
3357 8.518
3358 8.517
3359 8.519
3360 8.518
3361 8.522
3362 8.525
3363 8.525
3364 8.526
3365 8.528
3366 8.533
3367 8.535
3368 8.537
3369 8.539
3370 8.541
3371 8.541
3372 8.545
3373 8.546
3374 8.547
3375 8.546
3376 8.548
3377 8.549
3378 8.553
3379 8.554
3380 8.554
3381 8.558
3382 8.558
3383 8.562
3384 8.563
3385 8.566
3386 8.570
3387 8.571
3388 8.572
3389 8.575
3390 8.578
3391 8.576
3392 8.578
3393 8.581
3394 8.581
3395 8.585
3396 8.586
3397 8.588
3398 8.589
3399 8.591
3400 8.592
3401 8.591
3402 8.596
3403 8.596
3404 8.599
3405 8.602
3406 8.604
3407 8.607
3408 8.611
3409 8.614
3410 8.615
3411 8.618
3412 8.619
3413 8.624
3414 8.630
3415 8.631
3416 8.635
3417 8.636
3418 8.639
3419 8.642
3420 8.644
3421 8.644
3422 8.646
3423 8.647
3424 8.652
3425 8.656
3426 8.657
3427 8.661
3428 8.664
3429 8.664
3430 8.669
3431 8.668
3432 8.673
3433 8.675
3434 8.676
3435 8.683
3436 8.683
3437 8.685
3438 8.689
3439 8.691
3440 8.696
3441 8.697
3442 8.699
3443 8.699
3444 8.703
3445 8.705
3446 8.707
3447 8.707
3448 8.710
3449 8.709
3450 8.711
3451 8.710
3452 8.714
3453 8.713
3454 8.713
3455 8.713
3456 8.715
3457 8.716
3458 8.718
3459 8.722
3460 8.724
3461 8.726
3462 8.727
3463 8.729
3464 8.733
3465 8.732
3466 8.739
3467 8.738
3468 8.738
3469 8.742
3470 8.745
3471 8.747
3472 8.750
3473 8.750
3474 8.754
3475 8.755
3476 8.756
3477 8.760
3478 8.761
3479 8.762
3480 8.767
3481 8.765
3482 8.769
3483 8.772
3484 8.773
3485 8.774
3486 8.775
3487 8.775
3488 8.780
3489 8.777
3490 8.778
3491 8.781
3492 8.778
3493 8.780
3494 8.783
3495 8.783
3496 8.786
3497 8.785
3498 8.789
3499 8.788
3500 8.791
3501 8.792
3502 8.796
3503 8.796
3504 8.795
3505 8.796
3506 8.796
3507 8.800
3508 8.799
3509 8.801
3510 8.804
3511 8.803
3512 8.806
3513 8.807
3514 8.805
3515 8.808
3516 8.809
3517 8.812
3518 8.812
3519 8.815
3520 8.817
3521 8.815
3522 8.817
3523 8.822
3524 8.819
3525 8.821
3526 8.824
3527 8.827
3528 8.827
3529 8.829
3530 8.829
3531 8.831
3532 8.831
3533 8.831
3534 8.836
3535 8.837
3536 8.838
3537 8.839
3538 8.841
3539 8.842
3540 8.845
3541 8.845
3542 8.849
3543 8.848
3544 8.851
3545 8.853
3546 8.851
3547 8.854
3548 8.854
3549 8.857
3550 8.857
3551 8.861
3552 8.862
3553 8.863
3554 8.866
3555 8.869
3556 8.871
3557 8.875
3558 8.879
3559 8.881
3560 8.882
3561 8.885
3562 8.885
3563 8.887
3564 8.891
3565 8.891
3566 8.894
3567 8.899
3568 8.899
3569 8.903
3570 8.902
3571 8.905
3572 8.909
3573 8.909
3574 8.912
3575 8.913
3576 8.915
3577 8.918
3578 8.919
3579 8.921
3580 8.922
3581 8.921
3582 8.920
3583 8.924
3584 8.924
3585 8.929
3586 8.930
3587 8.931
3588 8.934
3589 8.935
3590 8.938
3591 8.940
3592 8.944
3593 8.947
3594 8.945
3595 8.947
3596 8.952
3597 8.955
3598 8.953
3599 8.958
3600 8.961
3601 8.961
3602 8.962
3603 8.964
3604 8.968
3605 8.968
3606 8.969
3607 8.974
3608 8.973
3609 8.974
3610 8.979
3611 8.981
3612 8.980
3613 8.982
3614 8.986
3615 8.987
3616 8.988
3617 8.987
3618 8.989
3619 8.989
3620 8.994
3621 8.995
3622 8.996
3623 8.998
3624 8.998
3625 9.001
3626 9.002
3627 9.004
3628 9.005
3629 9.004
3630 9.009
3631 9.009
3632 9.010
3633 9.012
3634 9.013
3635 9.014
3636 9.016
3637 9.020
3638 9.021
3639 9.024
3640 9.028
3641 9.031
3642 9.032
3643 9.034
3644 9.035
3645 9.035
3646 9.037
3647 9.038
3648 9.037
3649 9.040
3650 9.039
3651 9.041
3652 9.045
3653 9.048
3654 9.045
3655 9.048
3656 9.051
3657 9.051
3658 9.054
3659 9.054
3660 9.058
3661 9.058
3662 9.060
3663 9.061
3664 9.062
3665 9.064
3666 9.065
3667 9.064
3668 9.070
3669 9.070
3670 9.071
3671 9.075
3672 9.077
3673 9.078
3674 9.076
3675 9.080
3676 9.081
3677 9.083
3678 9.086
3679 9.087
3680 9.088
3681 9.088
3682 9.090
3683 9.090
3684 9.091
3685 9.094
3686 9.094
3687 9.097
3688 9.099
3689 9.099
3690 9.101
3691 9.104
3692 9.103
3693 9.105
3694 9.107
3695 9.108
3696 9.111
3697 9.111
3698 9.114
3699 9.113
3700 9.115
3701 9.118
3702 9.118
3703 9.120
3704 9.122
3705 9.125
3706 9.125
3707 9.126
3708 9.132
3709 9.129
3710 9.132
3711 9.136
3712 9.133
3713 9.135
3714 9.139
3715 9.139
3716 9.139
3717 9.144
3718 9.143
3719 9.144
3720 9.148
3721 9.147
3722 9.150
3723 9.153
3724 9.156
3725 9.159
3726 9.161
3727 9.159
3728 9.163
3729 9.163
3730 9.165
3731 9.166
3732 9.170
3733 9.171
3734 9.172
3735 9.174
3736 9.174
3737 9.173
3738 9.175
3739 9.176
3740 9.179
3741 9.179
3742 9.183
3743 9.182
3744 9.184
3745 9.187
3746 9.189
3747 9.193
3748 9.194
3749 9.197
3750 9.198
3751 9.199
3752 9.199
3753 9.199
3754 9.203
3755 9.202
3756 9.208
3757 9.209
3758 9.209
3759 9.215
3760 9.218
3761 9.223
3762 9.227
3763 9.227
3764 9.231
3765 9.231
3766 9.232
3767 9.236
3768 9.240
3769 9.242
3770 9.245
3771 9.250
3772 9.249
3773 9.256
3774 9.257
3775 9.261
3776 9.263
3777 9.265
3778 9.269
3779 9.268
3780 9.273
3781 9.276
3782 9.277
3783 9.278
3784 9.280
3785 9.286
3786 9.285
3787 9.288
3788 9.293
3789 9.292
3790 9.299
3791 9.301
3792 9.302
3793 9.307
3794 9.306
3795 9.309
3796 9.308
3797 9.308
3798 9.312
3799 9.312
3800 9.313
3801 9.316
3802 9.317
3803 9.320
3804 9.319
3805 9.323
3806 9.326
3807 9.327
3808 9.330
3809 9.329
3810 9.331
3811 9.334
3812 9.336
3813 9.338
3814 9.339
3815 9.343
3816 9.345
3817 9.348
3818 9.347
3819 9.351
3820 9.354
3821 9.356
3822 9.357
3823 9.359
3824 9.360
3825 9.362
3826 9.365
3827 9.368
3828 9.370
3829 9.372
3830 9.374
3831 9.377
3832 9.374
3833 9.381
3834 9.381
3835 9.383
3836 9.386
3837 9.389
3838 9.393
3839 9.395
3840 9.395
3841 9.399
3842 9.399
3843 9.401
3844 9.403
3845 9.405
3846 9.404
3847 9.408
3848 9.408
3849 9.411
3850 9.413
3851 9.412
3852 9.417
3853 9.418
3854 9.422
3855 9.423
3856 9.427
3857 9.431
3858 9.434
3859 9.438
3860 9.442
3861 9.443
3862 9.446
3863 9.448
3864 9.452
3865 9.449
3866 9.452
3867 9.454
3868 9.456
3869 9.459
3870 9.458
3871 9.461
3872 9.463
3873 9.463
3874 9.465
3875 9.468
3876 9.468
3877 9.470
3878 9.471
3879 9.473
3880 9.475
3881 9.474
3882 9.476
3883 9.479
3884 9.478
3885 9.482
3886 9.482
3887 9.484
3888 9.484
3889 9.487
3890 9.489
3891 9.489
3892 9.492
3893 9.494
3894 9.496
3895 9.498
3896 9.500
3897 9.503
3898 9.504
3899 9.507
3900 9.512
3901 9.513
3902 9.516
3903 9.518
3904 9.521
3905 9.522
3906 9.524
3907 9.528
3908 9.528
3909 9.534
3910 9.535
3911 9.537
3912 9.541
3913 9.541
3914 9.544
3915 9.545
3916 9.549
3917 9.548
3918 9.551
3919 9.555
3920 9.558
3921 9.560
3922 9.562
3923 9.564
3924 9.566
3925 9.569
3926 9.569
3927 9.573
3928 9.577
3929 9.576
3930 9.578
3931 9.580
3932 9.581
3933 9.584
3934 9.587
3935 9.588
3936 9.590
3937 9.592
3938 9.594
3939 9.599
3940 9.598
3941 9.600
3942 9.604
3943 9.604
3944 9.605
3945 9.607
3946 9.611
3947 9.610
3948 9.614
3949 9.618
3950 9.617
3951 9.622
3952 9.623
3953 9.626
3954 9.625
3955 9.628
3956 9.630
3957 9.631
3958 9.632
3959 9.634
3960 9.636
3961 9.639
3962 9.641
3963 9.642
3964 9.645
3965 9.648
3966 9.652
3967 9.654
3968 9.655
3969 9.657
3970 9.661
3971 9.659
3972 9.662
3973 9.664
3974 9.665
3975 9.667
3976 9.670
3977 9.672
3978 9.671
3979 9.674
3980 9.675
3981 9.678
3982 9.678
3983 9.678
3984 9.678
3985 9.678
3986 9.682
3987 9.681
3988 9.681
3989 9.684
3990 9.683
3991 9.686
3992 9.686
3993 9.689
3994 9.691
3995 9.693
3996 9.695
3997 9.696
3998 9.698
3999 9.699
4000 9.698
4001 9.699
4002 9.701
4003 9.704
4004 9.704
4005 9.703
4006 9.705
4007 9.704
4008 9.706
4009 9.708
4010 9.710
4011 9.712
4012 9.712
4013 9.716
4014 9.717
4015 9.718
4016 9.719
4017 9.721
4018 9.724
4019 9.720
4020 9.722
4021 9.722
4022 9.726
4023 9.727
4024 9.727
4025 9.728
4026 9.728
4027 9.731
4028 9.731
4029 9.734
4030 9.734
4031 9.734
4032 9.735
4033 9.736
4034 9.735
4035 9.737
4036 9.738
4037 9.735
4038 9.736
4039 9.735
4040 9.738
4041 9.738
4042 9.742
4043 9.741
4044 9.742
4045 9.745
4046 9.745
4047 9.746
4048 9.750
4049 9.747
4050 9.750
4051 9.751
4052 9.751
4053 9.754
4054 9.755
4055 9.753
4056 9.756
4057 9.757
4058 9.758
4059 9.758
4060 9.761
4061 9.761
4062 9.761
4063 9.764
4064 9.761
4065 9.763
4066 9.766
4067 9.764
4068 9.767
4069 9.763
4070 9.766
4071 9.767
4072 9.765
4073 9.768
4074 9.768
4075 9.769
4076 9.768
4077 9.772
4078 9.774
4079 9.775
4080 9.777
4081 9.780
4082 9.782
4083 9.782
4084 9.784
4085 9.783
4086 9.786
4087 9.789
4088 9.786
4089 9.788
4090 9.789
4091 9.790
4092 9.790
4093 9.791
4094 9.794
4095 9.792
4096 9.796
4097 9.797
4098 9.797
4099 9.797
4100 9.800
4101 9.797
4102 9.801
4103 9.800
4104 9.799
4105 9.799
4106 9.800
4107 9.800
4108 9.800
4109 9.800
4110 9.799
4111 9.802
4112 9.801
4113 9.803
4114 9.804
4115 9.806
4116 9.805
4117 9.809
4118 9.813
4119 9.811
4120 9.814
4121 9.815
4122 9.816
4123 9.815
4124 9.819
4125 9.817
4126 9.821
4127 9.822
4128 9.821
4129 9.820
4130 9.822
4131 9.821
4132 9.822
4133 9.821
4134 9.821
4135 9.821
4136 9.821
4137 9.823
4138 9.824
4139 9.826
4140 9.829
4141 9.831
4142 9.831
4143 9.832
4144 9.833
4145 9.835
4146 9.836
4147 9.838
4148 9.839
4149 9.842
4150 9.842
4151 9.840
4152 9.842
4153 9.845
4154 9.844
4155 9.846
4156 9.848
4157 9.848
4158 9.851
4159 9.854
4160 9.852
4161 9.854
4162 9.855
4163 9.857
4164 9.858
4165 9.858
4166 9.857
4167 9.859
4168 9.859
4169 9.859
4170 9.863
4171 9.862
4172 9.861
4173 9.862
4174 9.864
4175 9.863
4176 9.863
4177 9.865
4178 9.864
4179 9.864
4180 9.865
4181 9.865
4182 9.865
4183 9.865
4184 9.863
4185 9.865
4186 9.864
4187 9.865
4188 9.867
4189 9.866
4190 9.865
4191 9.867
4192 9.864
4193 9.864
4194 9.865
4195 9.867
4196 9.866
4197 9.869
4198 9.868
4199 9.868
4200 9.870
4201 9.869
4202 9.870
4203 9.871
4204 9.871
4205 9.872
4206 9.874
4207 9.878
4208 9.876
4209 9.881
4210 9.883
4211 9.881
4212 9.885
4213 9.887
4214 9.889
4215 9.888
4216 9.891
4217 9.892
4218 9.892
4219 9.896
4220 9.895
4221 9.897
4222 9.898
4223 9.899
4224 9.901
4225 9.902
4226 9.899
4227 9.899
4228 9.903
4229 9.902
4230 9.904
4231 9.904
4232 9.903
4233 9.905
4234 9.907
4235 9.909
4236 9.906
4237 9.910
4238 9.911
4239 9.911
4240 9.914
4241 9.914
4242 9.916
4243 9.917
4244 9.919
4245 9.922
4246 9.922
4247 9.923
4248 9.923
4249 9.925
4250 9.924
4251 9.926
4252 9.928
4253 9.931
4254 9.934
4255 9.932
4256 9.934
4257 9.933
4258 9.935
4259 9.938
4260 9.938
4261 9.942
4262 9.944
4263 9.947
4264 9.949
4265 9.951
4266 9.956
4267 9.959
4268 9.956
4269 9.960
4270 9.963
4271 9.963
4272 9.965
4273 9.968
4274 9.971
4275 9.972
4276 9.974
4277 9.977
4278 9.979
4279 9.980
4280 9.983
4281 9.981
4282 9.984
4283 9.988
4284 9.989
4285 9.992
4286 9.996
4287 9.997
4288 10.000
4289 10.001
4290 10.003
4291 10.006
4292 10.008
4293 10.007
4294 10.010
4295 10.011
4296 10.012
4297 10.013
4298 10.016
4299 10.017
4300 10.016
4301 10.022
4302 10.021
4303 10.021
4304 10.023
4305 10.025
4306 10.027
4307 10.028
4308 10.029
4309 10.029
4310 10.030
4311 10.030
4312 10.032
4313 10.031
4314 10.029
4315 10.027
4316 10.030
4317 10.031
4318 10.028
4319 10.030
4320 10.030
4321 10.031
4322 10.032
4323 10.032
4324 10.035
4325 10.036
4326 10.038
4327 10.041
4328 10.043
4329 10.045
4330 10.048
4331 10.050
4332 10.051
4333 10.050
4334 10.051
4335 10.053
4336 10.054
4337 10.054
4338 10.054
4339 10.058
4340 10.056
4341 10.059
4342 10.060
4343 10.063
4344 10.063
4345 10.067
4346 10.067
4347 10.066
4348 10.071
4349 10.070
4350 10.072
4351 10.073
4352 10.075
4353 10.075
4354 10.076
4355 10.079
4356 10.077
4357 10.080
4358 10.081
4359 10.078
4360 10.083
4361 10.082
4362 10.083
4363 10.085
4364 10.086
4365 10.085
4366 10.085
4367 10.086
4368 10.085
4369 10.086
4370 10.087
4371 10.087
4372 10.089
4373 10.085
4374 10.087
4375 10.086
4376 10.086
4377 10.088
4378 10.089
4379 10.090
4380 10.092
4381 10.093
4382 10.092
4383 10.091
4384 10.093
4385 10.093
4386 10.091
4387 10.091
4388 10.090
4389 10.092
4390 10.091
4391 10.088
4392 10.094
4393 10.093
4394 10.092
4395 10.095
4396 10.092
4397 10.091
4398 10.093
4399 10.092
4400 10.092
4401 10.095
4402 10.091
4403 10.092
4404 10.094
4405 10.093
4406 10.094
4407 10.095
4408 10.094
4409 10.096
4410 10.098
4411 10.097
4412 10.098
4413 10.098
4414 10.097
4415 10.098
4416 10.098
4417 10.098
4418 10.099
4419 10.099
4420 10.099
4421 10.100
4422 10.098
4423 10.101
4424 10.102
4425 10.105
4426 10.103
4427 10.107
4428 10.104
4429 10.106
4430 10.109
4431 10.109
4432 10.109
4433 10.112
4434 10.111
4435 10.111
4436 10.115
4437 10.116
4438 10.118
4439 10.118
4440 10.121
4441 10.123
4442 10.125
4443 10.125
4444 10.126
4445 10.126
4446 10.126
4447 10.127
4448 10.130
4449 10.130
4450 10.132
4451 10.132
4452 10.133
4453 10.136
4454 10.134
4455 10.137
4456 10.140
4457 10.141
4458 10.143
4459 10.141
4460 10.142
4461 10.145
4462 10.145
4463 10.145
4464 10.143
4465 10.146
4466 10.150
4467 10.148
4468 10.152
4469 10.150
4470 10.151
4471 10.156
4472 10.154
4473 10.156
4474 10.157
4475 10.158
4476 10.160
4477 10.162
4478 10.164
4479 10.166
4480 10.165
4481 10.167
4482 10.168
4483 10.168
4484 10.171
4485 10.170
4486 10.173
4487 10.173
4488 10.172
4489 10.173
4490 10.175
4491 10.175
4492 10.177
4493 10.177
4494 10.177
4495 10.177
4496 10.177
4497 10.177
4498 10.178
4499 10.177
4500 10.178
4501 10.179
4502 10.179
4503 10.181
4504 10.185
4505 10.184
4506 10.187
4507 10.187
4508 10.186
4509 10.185
4510 10.188
4511 10.189
4512 10.190
4513 10.190
4514 10.190
4515 10.191
4516 10.192
4517 10.197
4518 10.195
4519 10.197
4520 10.201
4521 10.199
4522 10.204
4523 10.204
4524 10.206
4525 10.209
4526 10.211
4527 10.215
4528 10.217
4529 10.217
4530 10.217
4531 10.219
4532 10.222
4533 10.221
4534 10.224
4535 10.226
4536 10.223
4537 10.227
4538 10.226
4539 10.231
4540 10.233
4541 10.234
4542 10.235
4543 10.236
4544 10.237
4545 10.241
4546 10.240
4547 10.241
4548 10.241
4549 10.241
4550 10.241
4551 10.244
4552 10.242
4553 10.245
4554 10.246
4555 10.248
4556 10.254
4557 10.252
4558 10.253
4559 10.255
4560 10.255
4561 10.256
4562 10.260
4563 10.258
4564 10.261
4565 10.259
4566 10.265
4567 10.268
4568 10.265
4569 10.269
4570 10.268
4571 10.269
4572 10.269
4573 10.268
4574 10.264
4575 10.267
4576 10.267
4577 10.268
4578 10.269
4579 10.268
4580 10.270
4581 10.272
4582 10.272
4583 10.276
4584 10.276
4585 10.276
4586 10.278
4587 10.278
4588 10.277
4589 10.279
4590 10.282
4591 10.283
4592 10.285
4593 10.285
4594 10.288
4595 10.290
4596 10.290
4597 10.290
4598 10.291
4599 10.292
4600 10.293
4601 10.296
4602 10.297
4603 10.297
4604 10.299
4605 10.302
4606 10.300
4607 10.306
4608 10.304
4609 10.305
4610 10.308
4611 10.308
4612 10.308
4613 10.312
4614 10.311
4615 10.313
4616 10.316
4617 10.318
4618 10.320
4619 10.321
4620 10.325
4621 10.325
4622 10.327
4623 10.332
4624 10.333
4625 10.335
4626 10.337
4627 10.340
4628 10.340
4629 10.340
4630 10.344
4631 10.342
4632 10.345
4633 10.346
4634 10.347
4635 10.350
4636 10.352
4637 10.353
4638 10.353
4639 10.354
4640 10.358
4641 10.359
4642 10.359
4643 10.364
4644 10.366
4645 10.363
4646 10.365
4647 10.368
4648 10.370
4649 10.372
4650 10.374
4651 10.376
4652 10.376
4653 10.378
4654 10.383
4655 10.382
4656 10.383
4657 10.384
4658 10.387
4659 10.386
4660 10.392
4661 10.391
4662 10.393
4663 10.397
4664 10.399
4665 10.403
4666 10.405
4667 10.408
4668 10.409
4669 10.413
4670 10.416
4671 10.415
4672 10.419
4673 10.420
4674 10.418
4675 10.423
4676 10.427
4677 10.425
4678 10.426
4679 10.431
4680 10.431
4681 10.432
4682 10.432
4683 10.434
4684 10.435
4685 10.432
4686 10.436
4687 10.437
4688 10.438
4689 10.441
4690 10.441
4691 10.442
4692 10.445
4693 10.442
4694 10.444
4695 10.446
4696 10.443
4697 10.446
4698 10.450
4699 10.449
4700 10.453
4701 10.453
4702 10.454
4703 10.455
4704 10.456
4705 10.457
4706 10.458
4707 10.461
4708 10.461
4709 10.461
4710 10.465
4711 10.465
4712 10.467
4713 10.471
4714 10.474
4715 10.475
4716 10.479
4717 10.480
4718 10.486
4719 10.490
4720 10.487
4721 10.493
4722 10.492
4723 10.493
4724 10.497
4725 10.498
4726 10.502
4727 10.503
4728 10.503
4729 10.507
4730 10.507
4731 10.511
4732 10.512
4733 10.513
4734 10.515
4735 10.517
4736 10.518
4737 10.519
4738 10.522
4739 10.522
4740 10.525
4741 10.528
4742 10.528
4743 10.531
4744 10.532
4745 10.533
4746 10.536
4747 10.540
4748 10.540
4749 10.543
4750 10.544
4751 10.546
4752 10.549
4753 10.550
4754 10.553
4755 10.555
4756 10.558
4757 10.559
4758 10.560
4759 10.565
4760 10.563
4761 10.565
4762 10.568
4763 10.570
4764 10.572
4765 10.572
4766 10.575
4767 10.578
4768 10.580
4769 10.582
4770 10.583
4771 10.585
4772 10.587
4773 10.589
4774 10.591
4775 10.593
4776 10.594
4777 10.598
4778 10.601
4779 10.602
4780 10.605
4781 10.606
4782 10.608
4783 10.610
4784 10.613
4785 10.615
4786 10.617
4787 10.619
4788 10.620
4789 10.623
4790 10.623
4791 10.628
4792 10.626
4793 10.631
4794 10.636
4795 10.635
4796 10.639
4797 10.639
4798 10.643
4799 10.646
4800 10.645
4801 10.652
4802 10.652
4803 10.656
4804 10.660
4805 10.660
4806 10.664
4807 10.665
4808 10.666
4809 10.668
4810 10.673
4811 10.672
4812 10.676
4813 10.676
4814 10.681
4815 10.681
4816 10.682
4817 10.684
4818 10.685
4819 10.686
4820 10.689
4821 10.690
4822 10.692
4823 10.696
4824 10.698
4825 10.700
4826 10.700
4827 10.702
4828 10.702
4829 10.706
4830 10.708
4831 10.708
4832 10.709
4833 10.708
4834 10.711
4835 10.713
4836 10.714
4837 10.716
4838 10.717
4839 10.717
4840 10.717
4841 10.719
4842 10.722
4843 10.721
4844 10.722
4845 10.724
4846 10.725
4847 10.726
4848 10.725
4849 10.726
4850 10.728
4851 10.727
4852 10.731
4853 10.732
4854 10.734
4855 10.734
4856 10.734
4857 10.738
4858 10.738
4859 10.740
4860 10.742
4861 10.747
4862 10.743
4863 10.745
4864 10.747
4865 10.747
4866 10.750
4867 10.753
4868 10.751
4869 10.754
4870 10.753
4871 10.754
4872 10.755
4873 10.757
4874 10.759
4875 10.762
4876 10.763
4877 10.764
4878 10.766
4879 10.768
4880 10.770
4881 10.771
4882 10.772
4883 10.772
4884 10.775
4885 10.776
4886 10.776
4887 10.776
4888 10.778
4889 10.779
4890 10.779
4891 10.781
4892 10.786
4893 10.784
4894 10.786
4895 10.787
4896 10.786
4897 10.790
4898 10.788
4899 10.789
4900 10.790
4901 10.788
4902 10.786
4903 10.790
4904 10.790
4905 10.790
4906 10.794
4907 10.794
4908 10.794
4909 10.795
4910 10.797
4911 10.800
4912 10.803
4913 10.801
4914 10.801
4915 10.808
4916 10.803
4917 10.805
4918 10.809
4919 10.806
4920 10.808
4921 10.809
4922 10.810
4923 10.811
4924 10.814
4925 10.814
4926 10.816
4927 10.818
4928 10.820
4929 10.818
4930 10.823
4931 10.823
4932 10.825
4933 10.825
4934 10.827
4935 10.831
4936 10.831
4937 10.833
4938 10.834
4939 10.838
4940 10.839
4941 10.837
4942 10.841
4943 10.839
4944 10.842
4945 10.845
4946 10.844
4947 10.846
4948 10.849
4949 10.849
4950 10.850
4951 10.852
4952 10.855
4953 10.856
4954 10.857
4955 10.860
4956 10.860
4957 10.859
4958 10.863
4959 10.863
4960 10.864
4961 10.869
4962 10.866
4963 10.870
4964 10.873
4965 10.871
4966 10.873
4967 10.878
4968 10.880
4969 10.882
4970 10.885
4971 10.887
4972 10.888
4973 10.891
4974 10.892
4975 10.893
4976 10.895
4977 10.898
4978 10.900
4979 10.902
4980 10.904
4981 10.907
4982 10.907
4983 10.910
4984 10.911
4985 10.914
4986 10.917
4987 10.916
4988 10.920
4989 10.920
4990 10.921
4991 10.925
4992 10.926
4993 10.927
4994 10.927
4995 10.930
4996 10.934
4997 10.932
4998 10.934
4999 10.937
5000 10.938
5001 10.941
5002 10.941
5003 10.945
5004 10.946
5005 10.946
5006 10.947
5007 10.948
5008 10.950
5009 10.953
5010 10.953
5011 10.954
5012 10.958
5013 10.956
5014 10.958
5015 10.960
5016 10.959
5017 10.960
5018 10.962
5019 10.962
5020 10.965
5021 10.966
5022 10.969
5023 10.967
5024 10.969
5025 10.971
5026 10.973
5027 10.976
5028 10.978
5029 10.979
5030 10.981
5031 10.982
5032 10.982
5033 10.984
5034 10.986
5035 10.988
5036 10.989
5037 10.994
5038 10.993
5039 10.998
5040 10.998
5041 11.001
5042 11.003
5043 11.002
5044 11.004
5045 11.008
5046 11.007
5047 11.012
5048 11.013
5049 11.015
5050 11.020
5051 11.024
5052 11.022
5053 11.027
5054 11.030
5055 11.029
5056 11.036
5057 11.039
5058 11.039
5059 11.044
5060 11.044
5061 11.051
5062 11.050
5063 11.052
5064 11.056
5065 11.059
5066 11.060
5067 11.064
5068 11.064
5069 11.067
5070 11.068
5071 11.073
5072 11.078
5073 11.080
5074 11.084
5075 11.087
5076 11.089
5077 11.093
5078 11.092
5079 11.096
5080 11.101
5081 11.099
5082 11.106
5083 11.108
5084 11.111
5085 11.115
5086 11.115
5087 11.119
5088 11.120
5089 11.123
5090 11.124
5091 11.126
5092 11.128
5093 11.129
5094 11.132
5095 11.134
5096 11.138
5097 11.140
5098 11.138
5099 11.140
5100 11.141
5101 11.143
5102 11.147
5103 11.147
5104 11.149
5105 11.152
5106 11.153
5107 11.155
5108 11.155
5109 11.157
5110 11.158
5111 11.160
5112 11.161
5113 11.163
5114 11.165
5115 11.169
5116 11.170
5117 11.172
5118 11.173
5119 11.174
5120 11.175
5121 11.176
5122 11.175
5123 11.181
5124 11.180
5125 11.181
5126 11.185
5127 11.186
5128 11.187
5129 11.190
5130 11.191
5131 11.192
5132 11.193
5133 11.192
5134 11.196
5135 11.196
5136 11.196
5137 11.199
5138 11.198
5139 11.201
5140 11.203
5141 11.200
5142 11.201
5143 11.205
5144 11.205
5145 11.206
5146 11.208
5147 11.209
5148 11.211
5149 11.212
5150 11.215
5151 11.215
5152 11.215
5153 11.216
5154 11.219
5155 11.222
5156 11.223
5157 11.225
5158 11.226
5159 11.228
5160 11.231
5161 11.232
5162 11.230
5163 11.231
5164 11.233
5165 11.236
5166 11.237
5167 11.239
5168 11.240
5169 11.242
5170 11.245
5171 11.244
5172 11.246
5173 11.248
5174 11.249
5175 11.251
5176 11.252
5177 11.253
5178 11.256
5179 11.256
5180 11.259
5181 11.260
5182 11.260
5183 11.265
5184 11.263
5185 11.267
5186 11.266
5187 11.267
5188 11.272
5189 11.271
5190 11.271
5191 11.273
5192 11.272
5193 11.276
5194 11.277
5195 11.277
5196 11.276
5197 11.277
5198 11.279
5199 11.281
5200 11.278
5201 11.281
5202 11.283
5203 11.283
5204 11.287
5205 11.286
5206 11.290
5207 11.292
5208 11.290
5209 11.291
5210 11.292
5211 11.295
5212 11.296
5213 11.295
5214 11.294
5215 11.295
5216 11.298
5217 11.295
5218 11.298
5219 11.299
5220 11.298
5221 11.299
5222 11.299
5223 11.300
5224 11.300
5225 11.301
5226 11.303
5227 11.303
5228 11.304
5229 11.303
5230 11.308
5231 11.310
5232 11.311
5233 11.316
5234 11.316
5235 11.317
5236 11.321
5237 11.324
5238 11.324
5239 11.329
5240 11.332
5241 11.330
5242 11.335
5243 11.334
5244 11.332
5245 11.334
5246 11.336
5247 11.337
5248 11.339
5249 11.341
5250 11.343
5251 11.344
5252 11.343
5253 11.347
5254 11.347
5255 11.350
5256 11.349
5257 11.353
5258 11.355
5259 11.355
5260 11.357
5261 11.361
5262 11.361
5263 11.364
5264 11.367
5265 11.367
5266 11.370
5267 11.370
5268 11.371
5269 11.372
5270 11.374
5271 11.375
5272 11.377
5273 11.381
5274 11.381
5275 11.382
5276 11.386
5277 11.388
5278 11.389
5279 11.386
5280 11.389
5281 11.391
5282 11.392
5283 11.392
5284 11.393
5285 11.393
5286 11.397
5287 11.399
5288 11.401
5289 11.407
5290 11.405
5291 11.410
5292 11.409
5293 11.408
5294 11.408
5295 11.410
5296 11.410
5297 11.413
5298 11.413
5299 11.417
5300 11.417
5301 11.416
5302 11.420
5303 11.422
5304 11.422
5305 11.426
5306 11.429
5307 11.426
5308 11.429
5309 11.429
5310 11.431
5311 11.430
5312 11.431
5313 11.433
5314 11.431
5315 11.434
5316 11.437
5317 11.438
5318 11.439
5319 11.442
5320 11.443
5321 11.444
5322 11.448
5323 11.452
5324 11.454
5325 11.454
5326 11.458
5327 11.458
5328 11.463
5329 11.464
5330 11.464
5331 11.468
5332 11.470
5333 11.471
5334 11.473
5335 11.475
5336 11.478
5337 11.480
5338 11.482
5339 11.484
5340 11.488
5341 11.488
5342 11.491
5343 11.492
5344 11.496
5345 11.498
5346 11.500
5347 11.502
5348 11.504
5349 11.506
5350 11.508
5351 11.510
5352 11.512
5353 11.513
5354 11.516
5355 11.518
5356 11.519
5357 11.522
5358 11.522
5359 11.522
5360 11.523
5361 11.523
5362 11.522
5363 11.525
5364 11.526
5365 11.528
5366 11.531
5367 11.530
5368 11.533
5369 11.537
5370 11.539
5371 11.540
5372 11.541
5373 11.542
5374 11.546
5375 11.546
5376 11.548
5377 11.554
5378 11.553
5379 11.556
5380 11.561
5381 11.559
5382 11.563
5383 11.568
5384 11.568
5385 11.571
5386 11.574
5387 11.577
5388 11.582
5389 11.582
5390 11.589
5391 11.591
5392 11.591
5393 11.595
5394 11.598
5395 11.596
5396 11.598
5397 11.603
5398 11.604
5399 11.605
5400 11.607
5401 11.608
5402 11.610
5403 11.613
5404 11.615
5405 11.614
5406 11.617
5407 11.618
5408 11.621
5409 11.622
5410 11.625
5411 11.628
5412 11.630
5413 11.629
5414 11.631
5415 11.633
5416 11.632
5417 11.636
5418 11.640
5419 11.639
5420 11.644
5421 11.645
5422 11.649
5423 11.649
5424 11.654
5425 11.656
5426 11.655
5427 11.657
5428 11.658
5429 11.662
5430 11.660
5431 11.661
5432 11.659
5433 11.662
5434 11.661
5435 11.663
5436 11.663
5437 11.666
5438 11.667
5439 11.667
5440 11.670
5441 11.674
5442 11.671
5443 11.673
5444 11.676
5445 11.676
5446 11.678
5447 11.679
5448 11.684
5449 11.686
5450 11.686
5451 11.689
5452 11.693
5453 11.695
5454 11.694
5455 11.698
5456 11.697
5457 11.697
5458 11.700
5459 11.700
5460 11.703
5461 11.704
5462 11.707
5463 11.711
5464 11.712
5465 11.713
5466 11.712
5467 11.717
5468 11.718
5469 11.717
5470 11.719
5471 11.720
5472 11.724
5473 11.725
5474 11.729
5475 11.730
5476 11.733
5477 11.737
5478 11.738
5479 11.741
5480 11.745
5481 11.745
5482 11.748
5483 11.751
5484 11.750
5485 11.751
5486 11.756
5487 11.757
5488 11.757
5489 11.763
5490 11.763
5491 11.765
5492 11.767
5493 11.771
5494 11.772
5495 11.776
5496 11.779
5497 11.780
5498 11.781
5499 11.783
5500 11.787
5501 11.788
5502 11.789
5503 11.792
5504 11.794
5505 11.798
5506 11.799
5507 11.801
5508 11.807
5509 11.807
5510 11.811
5511 11.814
5512 11.815
5513 11.816
5514 11.821
5515 11.821
5516 11.821
5517 11.824
5518 11.824
5519 11.827
5520 11.827
5521 11.832
5522 11.831
5523 11.832
5524 11.834
5525 11.833
5526 11.837
5527 11.840
5528 11.841
5529 11.843
5530 11.848
5531 11.849
5532 11.850
5533 11.855
5534 11.854
5535 11.856
5536 11.858
5537 11.862
5538 11.864
5539 11.869
5540 11.871
5541 11.872
5542 11.875
5543 11.875
5544 11.877
5545 11.880
5546 11.883
5547 11.886
5548 11.884
5549 11.888
5550 11.889
5551 11.894
5552 11.896
5553 11.898
5554 11.900
5555 11.902
5556 11.903
5557 11.906
5558 11.910
5559 11.911
5560 11.912
5561 11.913
5562 11.918
5563 11.921
5564 11.917
5565 11.923
5566 11.924
5567 11.926
5568 11.927
5569 11.928
5570 11.928
5571 11.931
5572 11.933
5573 11.935
5574 11.938
5575 11.936
5576 11.941
5577 11.942
5578 11.946
5579 11.947
5580 11.951
5581 11.953
5582 11.956
5583 11.958
5584 11.962
5585 11.963
5586 11.963
5587 11.967
5588 11.969
5589 11.973
5590 11.973
5591 11.975
5592 11.978
5593 11.979
5594 11.979
5595 11.982
5596 11.988
5597 11.988
5598 11.992
5599 11.997
5600 11.997
5601 11.996
5602 12.002
5603 12.004
5604 12.005
5605 12.004
5606 12.009
5607 12.009
5608 12.011
5609 12.012
5610 12.014
5611 12.016
5612 12.017
5613 12.024
5614 12.025
5615 12.025
5616 12.026
5617 12.029
5618 12.033
5619 12.036
5620 12.039
5621 12.038
5622 12.041
5623 12.045
5624 12.047
5625 12.050
5626 12.055
5627 12.054
5628 12.059
5629 12.060
5630 12.063
5631 12.066
5632 12.067
5633 12.068
5634 12.071
5635 12.074
5636 12.077
5637 12.079
5638 12.078
5639 12.082
5640 12.085
5641 12.086
5642 12.089
5643 12.091
5644 12.087
5645 12.095
5646 12.094
5647 12.095
5648 12.100
5649 12.100
5650 12.101
5651 12.107
5652 12.106
5653 12.107
5654 12.111
5655 12.112
5656 12.111
5657 12.114
5658 12.112
5659 12.116
5660 12.117
5661 12.119
5662 12.123
5663 12.123
5664 12.125
5665 12.126
5666 12.129
5667 12.133
5668 12.134
5669 12.137
5670 12.137
5671 12.139
5672 12.140
5673 12.143
5674 12.147
5675 12.152
5676 12.152
5677 12.155
5678 12.158
5679 12.158
5680 12.166
5681 12.164
5682 12.167
5683 12.173
5684 12.173
5685 12.178
5686 12.182
5687 12.185
5688 12.186
5689 12.188
5690 12.190
5691 12.192
5692 12.192
5693 12.195
5694 12.196
5695 12.194
5696 12.198
5697 12.199
5698 12.197
5699 12.200
5700 12.201
5701 12.201
5702 12.203
5703 12.205
5704 12.205
5705 12.208
5706 12.212
5707 12.210
5708 12.213
5709 12.215
5710 12.214
5711 12.220
5712 12.221
5713 12.222
5714 12.226
5715 12.225
5716 12.228
5717 12.230
5718 12.232
5719 12.233
5720 12.234
5721 12.239
5722 12.242
5723 12.241
5724 12.245
5725 12.248
5726 12.246
5727 12.251
5728 12.251
5729 12.251
5730 12.253
5731 12.255
5732 12.255
5733 12.258
5734 12.261
5735 12.261
5736 12.266
5737 12.267
5738 12.269
5739 12.272
5740 12.271
5741 12.279
5742 12.277
5743 12.277
5744 12.282
5745 12.286
5746 12.287
5747 12.288
5748 12.288
5749 12.291
5750 12.294
5751 12.295
5752 12.296
5753 12.298
5754 12.298
5755 12.299
5756 12.302
5757 12.304
5758 12.308
5759 12.309
5760 12.313
5761 12.316
5762 12.317
5763 12.319
5764 12.321
5765 12.322
5766 12.326
5767 12.329
5768 12.330
5769 12.331
5770 12.336
5771 12.338
5772 12.338
5773 12.342
5774 12.346
5775 12.347
5776 12.351
5777 12.353
5778 12.355
5779 12.360
5780 12.360
5781 12.362
5782 12.363
5783 12.364
5784 12.364
5785 12.368
5786 12.368
5787 12.370
5788 12.375
5789 12.374
5790 12.377
5791 12.379
5792 12.381
5793 12.384
5794 12.387
5795 12.387
5796 12.392
5797 12.393
5798 12.398
5799 12.401
5800 12.403
5801 12.406
5802 12.409
5803 12.409
5804 12.413
5805 12.417
5806 12.418
5807 12.421
5808 12.424
5809 12.427
5810 12.431
5811 12.434
5812 12.439
5813 12.443
5814 12.446
5815 12.446
5816 12.447
5817 12.451
5818 12.452
5819 12.456
5820 12.458
5821 12.461
5822 12.463
5823 12.466
5824 12.469
5825 12.468
5826 12.471
5827 12.478
5828 12.478
5829 12.481
5830 12.485
5831 12.488
5832 12.491
5833 12.494
5834 12.498
5835 12.502
5836 12.504
5837 12.506
5838 12.510
5839 12.511
5840 12.514
5841 12.517
5842 12.517
5843 12.520
5844 12.521
5845 12.524
5846 12.528
5847 12.531
5848 12.535
5849 12.541
5850 12.544
5851 12.544
5852 12.547
5853 12.551
5854 12.556
5855 12.558
5856 12.562
5857 12.561
5858 12.566
5859 12.569
5860 12.571
5861 12.573
5862 12.579
5863 12.580
5864 12.581
5865 12.587
5866 12.588
5867 12.589
5868 12.591
5869 12.595
5870 12.596
5871 12.598
5872 12.604
5873 12.605
5874 12.607
5875 12.611
5876 12.614
5877 12.616
5878 12.622
5879 12.623
5880 12.625
5881 12.627
5882 12.629
5883 12.631
5884 12.631
5885 12.635
5886 12.635
5887 12.639
5888 12.643
5889 12.644
5890 12.643
5891 12.648
5892 12.653
5893 12.653
5894 12.656
5895 12.659
5896 12.662
5897 12.664
5898 12.665
5899 12.670
5900 12.670
5901 12.674
5902 12.678
5903 12.679
5904 12.679
5905 12.685
5906 12.689
5907 12.687
5908 12.692
5909 12.693
5910 12.694
5911 12.698
5912 12.699
5913 12.700
5914 12.702
5915 12.702
5916 12.704
5917 12.706
5918 12.707
5919 12.707
5920 12.712
5921 12.714
5922 12.714
5923 12.715
5924 12.717
5925 12.719
5926 12.718
5927 12.722
5928 12.722
5929 12.722
5930 12.722
5931 12.721
5932 12.724
5933 12.726
5934 12.729
5935 12.728
5936 12.730
5937 12.733
5938 12.732
5939 12.735
5940 12.736
5941 12.739
5942 12.740
5943 12.741
5944 12.745
5945 12.744
5946 12.744
5947 12.746
5948 12.745
5949 12.745
5950 12.750
5951 12.750
5952 12.753
5953 12.755
5954 12.754
5955 12.756
5956 12.757
5957 12.756
5958 12.760
5959 12.760
5960 12.762
5961 12.767
5962 12.767
5963 12.770
5964 12.772
5965 12.773
5966 12.774
5967 12.774
5968 12.778
5969 12.780
5970 12.781
5971 12.784
5972 12.786
5973 12.789
5974 12.792
5975 12.794
5976 12.795
5977 12.797
5978 12.802
5979 12.803
5980 12.806
5981 12.806
5982 12.809
5983 12.809
5984 12.813
5985 12.813
5986 12.816
5987 12.818
5988 12.819
5989 12.819
5990 12.821
5991 12.823
5992 12.823
5993 12.825
5994 12.828
5995 12.828
5996 12.832
5997 12.833
5998 12.837
5999 12.837
6000 12.840
6001 12.842
6002 12.843
6003 12.847
6004 12.846
6005 12.849
6006 12.852
6007 12.851
6008 12.854
6009 12.857
6010 12.859
6011 12.863
6012 12.867
6013 12.868
6014 12.871
6015 12.877
6016 12.875
6017 12.878
6018 12.881
6019 12.881
6020 12.882
6021 12.886
6022 12.885
6023 12.888
6024 12.893
6025 12.893
6026 12.894
6027 12.899
6028 12.902
6029 12.903
6030 12.905
6031 12.908
6032 12.910
6033 12.912
6034 12.914
6035 12.915
6036 12.917
6037 12.921
6038 12.923
6039 12.926
6040 12.925
6041 12.928
6042 12.930
6043 12.930
6044 12.933
6045 12.931
6046 12.934
6047 12.934
6048 12.936
6049 12.936
6050 12.937
6051 12.941
6052 12.940
6053 12.941
6054 12.943
6055 12.942
6056 12.943
6057 12.945
6058 12.949
6059 12.951
6060 12.952
6061 12.955
6062 12.959
6063 12.961
6064 12.965
6065 12.967
6066 12.969
6067 12.972
6068 12.975
6069 12.979
6070 12.984
6071 12.985
6072 12.990
6073 12.993
6074 12.996
6075 12.998
6076 13.001
6077 13.005
6078 13.005
6079 13.007
6080 13.009
6081 13.012
6082 13.015
6083 13.016
6084 13.020
6085 13.022
6086 13.023
6087 13.025
6088 13.028
6089 13.030
6090 13.034
6091 13.035
6092 13.039
6093 13.039
6094 13.043
6095 13.048
6096 13.050
6097 13.051
6098 13.056
6099 13.058
6100 13.059
6101 13.062
6102 13.065
6103 13.067
6104 13.069
6105 13.070
6106 13.070
6107 13.073
6108 13.076
6109 13.076
6110 13.078
6111 13.080
6112 13.083
6113 13.085
6114 13.089
6115 13.092
6116 13.091
6117 13.096
6118 13.099
6119 13.101
6120 13.103
6121 13.105
6122 13.107
6123 13.110
6124 13.111
6125 13.113
6126 13.112
6127 13.116
6128 13.118
6129 13.119
6130 13.122
6131 13.123
6132 13.124
6133 13.130
6134 13.128
6135 13.131
6136 13.134
6137 13.136
6138 13.140
6139 13.142
6140 13.146
6141 13.150
6142 13.152
6143 13.156
6144 13.159
6145 13.161
6146 13.162
6147 13.169
6148 13.167
6149 13.170
6150 13.173
6151 13.172
6152 13.173
6153 13.178
6154 13.181
6155 13.182
6156 13.186
6157 13.188
6158 13.187
6159 13.191
6160 13.193
6161 13.194
6162 13.197
6163 13.199
6164 13.199
6165 13.202
6166 13.204
6167 13.204
6168 13.208
6169 13.209
6170 13.213
6171 13.215
6172 13.214
6173 13.218
6174 13.221
6175 13.221
6176 13.224
6177 13.225
6178 13.229
6179 13.230
6180 13.231
6181 13.234
6182 13.237
6183 13.241
6184 13.244
6185 13.245
6186 13.249
6187 13.247
6188 13.250
6189 13.249
6190 13.250
6191 13.252
6192 13.253
6193 13.253
6194 13.258
6195 13.259
6196 13.260
6197 13.263
6198 13.266
6199 13.266
6200 13.268
6201 13.272
6202 13.273
6203 13.274
6204 13.275
6205 13.279
6206 13.280
6207 13.280
6208 13.282
6209 13.282
6210 13.284
6211 13.289
6212 13.289
6213 13.293
6214 13.294
6215 13.294
6216 13.298
6217 13.300
6218 13.300
6219 13.303
6220 13.306
6221 13.307
6222 13.308
6223 13.313
6224 13.315
6225 13.316
6226 13.317
6227 13.318
6228 13.323
6229 13.324
6230 13.325
6231 13.327
6232 13.330
6233 13.333
6234 13.335
6235 13.335
6236 13.338
6237 13.341
6238 13.343
6239 13.348
6240 13.352
6241 13.350
6242 13.353
6243 13.358
6244 13.358
6245 13.360
6246 13.366
6247 13.366
6248 13.369
6249 13.373
6250 13.375
6251 13.380
6252 13.384
6253 13.384
6254 13.385
6255 13.389
6256 13.391
6257 13.393
6258 13.397
6259 13.397
6260 13.400
6261 13.401
6262 13.404
6263 13.404
6264 13.410
6265 13.413
6266 13.411
6267 13.416
6268 13.418
6269 13.421
6270 13.422
6271 13.427
6272 13.430
6273 13.432
6274 13.436
6275 13.439
6276 13.440
6277 13.442
6278 13.442
6279 13.447
6280 13.446
6281 13.451
6282 13.448
6283 13.452
6284 13.457
6285 13.455
6286 13.458
6287 13.461
6288 13.463
6289 13.462
6290 13.467
6291 13.469
6292 13.468
6293 13.473
6294 13.474
6295 13.475
6296 13.476
6297 13.480
6298 13.479
6299 13.481
6300 13.484
6301 13.488
6302 13.487
6303 13.488
6304 13.492
6305 13.494
6306 13.494
6307 13.496
6308 13.496
6309 13.498
6310 13.499
6311 13.500
6312 13.503
6313 13.506
6314 13.509
6315 13.510
6316 13.510
6317 13.509
6318 13.510
6319 13.512
6320 13.512
6321 13.514
6322 13.515
6323 13.515
6324 13.518
6325 13.518
6326 13.519
6327 13.524
6328 13.521
6329 13.525
6330 13.526
6331 13.524
6332 13.527
6333 13.530
6334 13.530
6335 13.532
6336 13.532
6337 13.532
6338 13.533
6339 13.536
6340 13.538
6341 13.537
6342 13.538
6343 13.542
6344 13.542
6345 13.547
6346 13.547
6347 13.549
6348 13.550
6349 13.557
6350 13.557
6351 13.561
6352 13.563
6353 13.565
6354 13.568
6355 13.568
6356 13.570
6357 13.571
6358 13.572
6359 13.574
6360 13.577
6361 13.578
6362 13.579
6363 13.582
6364 13.584
6365 13.585
6366 13.585
6367 13.588
6368 13.588
6369 13.591
6370 13.594
6371 13.596
6372 13.599
6373 13.601
6374 13.606
6375 13.609
6376 13.609
6377 13.614
6378 13.613
6379 13.615
6380 13.620
6381 13.620
6382 13.622
6383 13.625
6384 13.626
6385 13.627
6386 13.631
6387 13.631
6388 13.632
6389 13.634
6390 13.636
6391 13.639
6392 13.640
6393 13.642
6394 13.641
6395 13.645
6396 13.646
6397 13.646
6398 13.649
6399 13.649
6400 13.647
6401 13.652
6402 13.652
6403 13.652
6404 13.654
6405 13.658
6406 13.657
6407 13.660
6408 13.660
6409 13.662
6410 13.667
6411 13.668
6412 13.672
6413 13.673
6414 13.677
6415 13.681
6416 13.680
6417 13.684
6418 13.684
6419 13.687
6420 13.689
6421 13.693
6422 13.694
6423 13.699
6424 13.703
6425 13.705
6426 13.708
6427 13.712
6428 13.713
6429 13.717
6430 13.719
6431 13.719
6432 13.723
6433 13.725
6434 13.724
6435 13.727
6436 13.727
6437 13.733
6438 13.734
6439 13.734
6440 13.737
6441 13.739
6442 13.742
6443 13.745
6444 13.746
6445 13.748
6446 13.749
6447 13.752
6448 13.753
6449 13.753
6450 13.756
6451 13.758
6452 13.758
6453 13.764
6454 13.765
6455 13.770
6456 13.770
6457 13.771
6458 13.771
6459 13.773
6460 13.775
6461 13.771
6462 13.776
6463 13.776
6464 13.777
6465 13.780
6466 13.782
6467 13.782
6468 13.782
6469 13.782
6470 13.785
6471 13.784
6472 13.786
6473 13.786
6474 13.786
6475 13.790
6476 13.792
6477 13.791
6478 13.794
6479 13.796
6480 13.793
6481 13.795
6482 13.796
6483 13.797
6484 13.796
6485 13.797
6486 13.795
6487 13.795
6488 13.799
6489 13.796
6490 13.797
6491 13.797
6492 13.795
6493 13.797
6494 13.796
6495 13.797
6496 13.800
6497 13.800
6498 13.800
6499 13.802
6500 13.802
6501 13.808
6502 13.808
6503 13.809
6504 13.811
6505 13.812
6506 13.815
6507 13.816
6508 13.818
6509 13.820
6510 13.824
6511 13.826
6512 13.826
6513 13.825
6514 13.830
6515 13.829
6516 13.831
6517 13.832
6518 13.835
6519 13.836
6520 13.835
6521 13.840
6522 13.840
6523 13.843
6524 13.843
6525 13.844
6526 13.846
6527 13.850
6528 13.853
6529 13.851
6530 13.854
6531 13.858
6532 13.856
6533 13.858
6534 13.858
6535 13.859
6536 13.863
6537 13.862
6538 13.863
6539 13.869
6540 13.869
6541 13.871
6542 13.873
6543 13.872
6544 13.879
6545 13.880
6546 13.881
6547 13.884
6548 13.886
6549 13.887
6550 13.891
6551 13.889
6552 13.893
6553 13.895
6554 13.893
6555 13.897
6556 13.898
6557 13.902
6558 13.901
6559 13.905
6560 13.909
6561 13.909
6562 13.912
6563 13.910
6564 13.913
6565 13.917
6566 13.919
6567 13.920
6568 13.922
6569 13.926
6570 13.927
6571 13.931
6572 13.933
6573 13.935
6574 13.938
6575 13.939
6576 13.944
6577 13.945
6578 13.947
6579 13.950
6580 13.949
6581 13.953
6582 13.956
6583 13.955
6584 13.958
6585 13.960
6586 13.961
6587 13.964
6588 13.963
6589 13.966
6590 13.964
6591 13.963
6592 13.967
6593 13.968
6594 13.970
6595 13.969
6596 13.969
6597 13.970
6598 13.973
6599 13.976
6600 13.976
6601 13.977
6602 13.976
6603 13.979
6604 13.980
6605 13.981
6606 13.982
6607 13.984
6608 13.984
6609 13.987
6610 13.987
6611 13.989
6612 13.991
6613 13.993
6614 13.992
6615 13.997
6616 13.996
6617 13.999
6618 14.002
6619 14.002
6620 14.005
6621 14.006
6622 14.010
6623 14.008
6624 14.010
6625 14.010
6626 14.011
6627 14.013
6628 14.016
6629 14.016
6630 14.022
6631 14.022
6632 14.023
6633 14.025
6634 14.023
6635 14.025
6636 14.027
6637 14.028
6638 14.031
6639 14.032
6640 14.031
6641 14.033
6642 14.035
6643 14.037
6644 14.037
6645 14.042
6646 14.044
6647 14.046
6648 14.047
6649 14.050
6650 14.051
6651 14.053
6652 14.057
6653 14.059
6654 14.060
6655 14.063
6656 14.063
6657 14.067
6658 14.069
6659 14.071
6660 14.071
6661 14.073
6662 14.078
6663 14.076
6664 14.079
6665 14.082
6666 14.084
6667 14.085
6668 14.088
6669 14.087
6670 14.090
6671 14.091
6672 14.091
6673 14.095
6674 14.097
6675 14.101
6676 14.103
6677 14.104
6678 14.105
6679 14.104
6680 14.106
6681 14.107
6682 14.107
6683 14.110
6684 14.111
6685 14.110
6686 14.114
6687 14.117
6688 14.114
6689 14.117
6690 14.119
6691 14.118
6692 14.123
6693 14.122
6694 14.124
6695 14.130
6696 14.128
6697 14.130
6698 14.133
6699 14.133
6700 14.135
6701 14.135
6702 14.136
6703 14.137
6704 14.139
6705 14.138
6706 14.139
6707 14.139
6708 14.141
6709 14.141
6710 14.141
6711 14.143
6712 14.145
6713 14.148
6714 14.149
6715 14.151
6716 14.152
6717 14.153
6718 14.156
6719 14.160
6720 14.160
6721 14.163
6722 14.166
6723 14.167
6724 14.167
6725 14.170
6726 14.173
6727 14.173
6728 14.177
6729 14.177
6730 14.177
6731 14.180
6732 14.183
6733 14.183
6734 14.184
6735 14.188
6736 14.191
6737 14.188
6738 14.193
6739 14.192
6740 14.189
6741 14.194
6742 14.192
6743 14.193
6744 14.194
6745 14.193
6746 14.197
6747 14.198
6748 14.199
6749 14.201
6750 14.202
6751 14.207
6752 14.208
6753 14.206
6754 14.211
6755 14.209
6756 14.211
6757 14.212
6758 14.213
6759 14.215
6760 14.215
6761 14.219
6762 14.217
6763 14.220
6764 14.225
6765 14.224
6766 14.229
6767 14.229
6768 14.228
6769 14.232
6770 14.233
6771 14.233
6772 14.236
6773 14.236
6774 14.238
6775 14.237
6776 14.237
6777 14.237
6778 14.237
6779 14.243
6780 14.241
6781 14.242
6782 14.244
6783 14.245
6784 14.248
6785 14.249
6786 14.251
6787 14.253
6788 14.254
6789 14.256
6790 14.257
6791 14.258
6792 14.260
6793 14.264
6794 14.262
6795 14.265
6796 14.268
6797 14.271
6798 14.274
6799 14.273
6800 14.277
6801 14.280
6802 14.283
6803 14.288
6804 14.289
6805 14.294
6806 14.296
6807 14.299
6808 14.302
6809 14.302
6810 14.303
6811 14.305
6812 14.305
6813 14.306
6814 14.309
6815 14.311
6816 14.313
6817 14.314
6818 14.318
6819 14.320
6820 14.321
6821 14.325
6822 14.324
6823 14.326
6824 14.328
6825 14.328
6826 14.329
6827 14.331
6828 14.330
6829 14.331
6830 14.333
6831 14.334
6832 14.337
6833 14.337
6834 14.338
6835 14.342
6836 14.342
6837 14.345
6838 14.347
6839 14.349
6840 14.349
6841 14.351
6842 14.354
6843 14.356
6844 14.358
6845 14.361
6846 14.364
6847 14.363
6848 14.365
6849 14.370
6850 14.370
6851 14.373
6852 14.376
6853 14.376
6854 14.378
6855 14.379
6856 14.380
6857 14.382
6858 14.383
6859 14.383
6860 14.385
6861 14.384
6862 14.387
6863 14.390
6864 14.392
6865 14.394
6866 14.396
6867 14.400
6868 14.400
6869 14.402
6870 14.406
6871 14.407
6872 14.409
6873 14.411
6874 14.413
6875 14.414
6876 14.418
6877 14.423
6878 14.420
6879 14.425
6880 14.428
6881 14.430
6882 14.434
6883 14.438
6884 14.439
6885 14.440
6886 14.446
6887 14.446
6888 14.450
6889 14.455
6890 14.455
6891 14.458
6892 14.460
6893 14.460
6894 14.462
6895 14.465
6896 14.468
6897 14.466
6898 14.471
6899 14.472
6900 14.474
6901 14.475
6902 14.472
6903 14.477
6904 14.480
6905 14.482
6906 14.485
6907 14.487
6908 14.488
6909 14.486
6910 14.492
6911 14.491
6912 14.490
6913 14.493
6914 14.493
6915 14.495
6916 14.495
6917 14.498
6918 14.499
6919 14.501
6920 14.504
6921 14.507
6922 14.510
6923 14.510
6924 14.516
6925 14.519
6926 14.517
6927 14.522
6928 14.524
6929 14.525
6930 14.525
6931 14.528
6932 14.529
6933 14.531
6934 14.535
6935 14.538
6936 14.537
6937 14.539
6938 14.541
6939 14.543
6940 14.543
6941 14.544
6942 14.547
6943 14.549
6944 14.550
6945 14.554
6946 14.556
6947 14.559
6948 14.563
6949 14.564
6950 14.564
6951 14.568
6952 14.572
6953 14.574
6954 14.577
6955 14.581
6956 14.581
6957 14.584
6958 14.585
6959 14.587
6960 14.593
6961 14.593
6962 14.592
6963 14.592
6964 14.595
6965 14.597
6966 14.597
6967 14.600
6968 14.602
6969 14.606
6970 14.606
6971 14.610
6972 14.613
6973 14.615
6974 14.616
6975 14.621
6976 14.619
6977 14.621
6978 14.626
6979 14.626
6980 14.629
6981 14.632
6982 14.634
6983 14.637
6984 14.641
6985 14.642
6986 14.645
6987 14.648
6988 14.649
6989 14.651
6990 14.656
6991 14.657
6992 14.659
6993 14.662
6994 14.662
6995 14.664
6996 14.668
6997 14.670
6998 14.673
6999 14.675
7000 14.676
7001 14.680
7002 14.682
7003 14.684
7004 14.685
7005 14.685
7006 14.687
7007 14.690
7008 14.692
7009 14.692
7010 14.695
7011 14.696
7012 14.698
7013 14.703
7014 14.705
7015 14.706
7016 14.710
7017 14.711
7018 14.710
7019 14.713
7020 14.713
7021 14.716
7022 14.717
7023 14.716
7024 14.719
7025 14.720
7026 14.722
7027 14.723
7028 14.726
7029 14.727
7030 14.726
7031 14.729
7032 14.726
7033 14.727
7034 14.731
7035 14.730
7036 14.731
7037 14.735
7038 14.734
7039 14.737
7040 14.734
7041 14.734
7042 14.739
7043 14.737
7044 14.736
7045 14.741
7046 14.740
7047 14.741
7048 14.745
7049 14.745
7050 14.747
7051 14.750
7052 14.752
7053 14.754
7054 14.759
7055 14.760
7056 14.761
7057 14.764
7058 14.765
7059 14.767
7060 14.769
7061 14.768
7062 14.771
7063 14.770
7064 14.772
7065 14.775
7066 14.777
7067 14.778
7068 14.780
7069 14.782
7070 14.783
7071 14.785
7072 14.783
7073 14.786
7074 14.787
7075 14.789
7076 14.790
7077 14.791
7078 14.794
7079 14.797
7080 14.799
7081 14.801
7082 14.804
7083 14.806
7084 14.804
7085 14.807
7086 14.807
7087 14.807
7088 14.810
7089 14.813
7090 14.811
7091 14.813
7092 14.817
7093 14.816
7094 14.818
7095 14.822
7096 14.822
7097 14.825
7098 14.827
7099 14.826
7100 14.827
7101 14.829
7102 14.829
7103 14.828
7104 14.829
7105 14.831
7106 14.830
7107 14.834
7108 14.833
7109 14.834
7110 14.836
7111 14.839
7112 14.839
7113 14.839
7114 14.842
7115 14.841
7116 14.843
7117 14.845
7118 14.847
7119 14.846
7120 14.847
7121 14.849
7122 14.850
7123 14.853
7124 14.854
7125 14.856
7126 14.862
7127 14.861
7128 14.860
7129 14.866
7130 14.868
7131 14.868
7132 14.873
7133 14.873
7134 14.874
7135 14.877
7136 14.876
7137 14.878
7138 14.882
7139 14.884
7140 14.888
7141 14.889
7142 14.893
7143 14.894
7144 14.897
7145 14.902
7146 14.902
7147 14.905
7148 14.906
7149 14.908
7150 14.907
7151 14.910
7152 14.911
7153 14.912
7154 14.915
7155 14.916
7156 14.920
7157 14.924
7158 14.927
7159 14.929
7160 14.931
7161 14.934
7162 14.936
7163 14.937
7164 14.939
7165 14.943
7166 14.946
7167 14.949
7168 14.950
7169 14.955
7170 14.955
7171 14.958
7172 14.963
7173 14.962
7174 14.967
7175 14.968
7176 14.971
7177 14.975
7178 14.972
7179 14.975
7180 14.980
7181 14.980
7182 14.982
7183 14.986
7184 14.986
7185 14.987
7186 14.989
7187 14.990
7188 14.991
7189 14.991
7190 14.991
7191 14.994
7192 14.996
7193 14.997
7194 14.998
7195 15.000
7196 15.002
7197 15.005
7198 15.007
7199 15.008
7200 15.011
7201 15.010
7202 15.013
7203 15.014
7204 15.013
7205 15.015
7206 15.018
7207 15.018
7208 15.019
7209 15.021
7210 15.025
7211 15.026
7212 15.031
7213 15.035
7214 15.034
7215 15.038
7216 15.042
7217 15.043
7218 15.046
7219 15.047
7220 15.049
7221 15.055
7222 15.055
7223 15.057
7224 15.058
7225 15.064
7226 15.063
7227 15.066
7228 15.070
7229 15.072
7230 15.070
7231 15.075
7232 15.075
7233 15.078
7234 15.081
7235 15.081
7236 15.085
7237 15.087
7238 15.089
7239 15.091
7240 15.094
7241 15.098
7242 15.099
7243 15.101
7244 15.104
7245 15.107
7246 15.110
7247 15.113
7248 15.116
7249 15.117
7250 15.120
7251 15.120
7252 15.121
7253 15.124
7254 15.124
7255 15.123
7256 15.126
7257 15.128
7258 15.128
7259 15.127
7260 15.131
7261 15.130
7262 15.130
7263 15.130
7264 15.131
7265 15.131
7266 15.134
7267 15.137
7268 15.135
7269 15.139
7270 15.141
7271 15.139
7272 15.143
7273 15.140
7274 15.144
7275 15.144
7276 15.147
7277 15.147
7278 15.148
7279 15.149
7280 15.151
7281 15.151
7282 15.154
7283 15.153
7284 15.157
7285 15.158
7286 15.160
7287 15.164
7288 15.164
7289 15.167
7290 15.167
7291 15.169
7292 15.170
7293 15.170
7294 15.172
7295 15.173
7296 15.177
7297 15.176
7298 15.180
7299 15.183
7300 15.183
7301 15.187
7302 15.191
7303 15.191
7304 15.194
7305 15.198
7306 15.200
7307 15.202
7308 15.204
7309 15.208
7310 15.210
7311 15.213
7312 15.217
7313 15.219
7314 15.223
7315 15.224
7316 15.228
7317 15.231
7318 15.233
7319 15.235
7320 15.239
7321 15.238
7322 15.241
7323 15.243
7324 15.246
7325 15.246
7326 15.247
7327 15.252
7328 15.252
7329 15.254
7330 15.259
7331 15.261
7332 15.260
7333 15.264
7334 15.266
7335 15.266
7336 15.269
7337 15.271
7338 15.268
7339 15.270
7340 15.270
7341 15.267
7342 15.268
7343 15.268
7344 15.267
7345 15.269
7346 15.270
7347 15.270
7348 15.271
7349 15.273
7350 15.273
7351 15.275
7352 15.277
7353 15.278
7354 15.281
7355 15.283
7356 15.284
7357 15.288
7358 15.289
7359 15.290
7360 15.294
7361 15.294
7362 15.296
7363 15.295
7364 15.297
7365 15.298
7366 15.298
7367 15.300
7368 15.301
7369 15.302
7370 15.306
7371 15.308
7372 15.308
7373 15.309
7374 15.311
7375 15.311
7376 15.311
7377 15.315
7378 15.314
7379 15.317
7380 15.319
7381 15.318
7382 15.319
7383 15.320
7384 15.320
7385 15.320
7386 15.321
7387 15.322
7388 15.320
7389 15.318
7390 15.318
7391 15.318
7392 15.319
7393 15.314
7394 15.317
7395 15.318
7396 15.317
7397 15.318
7398 15.319
7399 15.321
7400 15.323
7401 15.324
7402 15.325
7403 15.327
7404 15.326
7405 15.328
7406 15.332
7407 15.330
7408 15.329
7409 15.329
7410 15.331
7411 15.330
7412 15.330
7413 15.329
7414 15.332
7415 15.331
7416 15.333
7417 15.330
7418 15.332
7419 15.332
7420 15.333
7421 15.335
7422 15.333
7423 15.334
7424 15.337
7425 15.333
7426 15.334
7427 15.335
7428 15.333
7429 15.334
7430 15.337
7431 15.336
7432 15.339
7433 15.336
7434 15.335
7435 15.335
7436 15.333
7437 15.336
7438 15.335
7439 15.335
7440 15.337
7441 15.338
7442 15.338
7443 15.337
7444 15.338
7445 15.343
7446 15.342
7447 15.342
7448 15.344
7449 15.344
7450 15.347
7451 15.348
7452 15.347
7453 15.351
7454 15.354
7455 15.355
7456 15.356
7457 15.360
7458 15.360
7459 15.361
7460 15.362
7461 15.364
7462 15.364
7463 15.365
7464 15.369
7465 15.369
7466 15.370
7467 15.374
7468 15.376
7469 15.378
7470 15.382
7471 15.382
7472 15.385
7473 15.389
7474 15.388
7475 15.391
7476 15.390
7477 15.393
7478 15.396
7479 15.395
7480 15.398
7481 15.399
7482 15.400
7483 15.403
7484 15.404
7485 15.406
7486 15.407
7487 15.407
7488 15.409
7489 15.410
7490 15.410
7491 15.413
7492 15.414
7493 15.415
7494 15.416
7495 15.416
7496 15.419
7497 15.418
7498 15.420
7499 15.424
7500 15.420
7501 15.423
7502 15.425
7503 15.424
7504 15.427
7505 15.428
7506 15.431
7507 15.432
7508 15.434
7509 15.436
7510 15.434
7511 15.435
7512 15.435
7513 15.436
7514 15.438
7515 15.439
7516 15.441
7517 15.442
7518 15.444
7519 15.447
7520 15.446
7521 15.449
7522 15.451
7523 15.452
7524 15.452
7525 15.454
7526 15.458
7527 15.457
7528 15.460
7529 15.463
7530 15.461
7531 15.464
7532 15.465
7533 15.464
7534 15.465
7535 15.468
7536 15.467
7537 15.467
7538 15.468
7539 15.471
7540 15.473
7541 15.472
7542 15.474
7543 15.477
7544 15.476
7545 15.479
7546 15.482
7547 15.484
7548 15.485
7549 15.485
7550 15.487
7551 15.489
7552 15.490
7553 15.490
7554 15.491
7555 15.491
7556 15.494
7557 15.496
7558 15.496
7559 15.498
7560 15.501
7561 15.501
7562 15.505
7563 15.506
7564 15.508
7565 15.512
7566 15.513
7567 15.513
7568 15.514
7569 15.514
7570 15.516
7571 15.520
7572 15.521
7573 15.522
7574 15.525
7575 15.524
7576 15.524
7577 15.527
7578 15.528
7579 15.529
7580 15.527
7581 15.527
7582 15.530
7583 15.530
7584 15.531
7585 15.533
7586 15.532
7587 15.534
7588 15.536
7589 15.540
7590 15.540
7591 15.543
7592 15.544
7593 15.545
7594 15.551
7595 15.550
7596 15.552
7597 15.553
7598 15.557
7599 15.560
7600 15.557
7601 15.561
7602 15.560
7603 15.561
7604 15.567
7605 15.568
7606 15.571
7607 15.574
7608 15.574
7609 15.576
7610 15.578
7611 15.579
7612 15.580
7613 15.581
7614 15.580
7615 15.582
7616 15.584
7617 15.584
7618 15.585
7619 15.587
7620 15.586
7621 15.588
7622 15.589
7623 15.589
7624 15.591
7625 15.589
7626 15.592
7627 15.595
7628 15.595
7629 15.598
7630 15.600
7631 15.599
7632 15.597
7633 15.598
7634 15.599
7635 15.598
7636 15.600
7637 15.600
7638 15.604
7639 15.603
7640 15.607
7641 15.607
7642 15.608
7643 15.612
7644 15.611
7645 15.612
7646 15.614
7647 15.615
7648 15.615
7649 15.616
7650 15.617
7651 15.618
7652 15.619
7653 15.620
7654 15.624
7655 15.623
7656 15.626
7657 15.627
7658 15.629
7659 15.630
7660 15.631
7661 15.633
7662 15.634
7663 15.637
7664 15.639
7665 15.638
7666 15.640
7667 15.642
7668 15.643
7669 15.645
7670 15.645
7671 15.646
7672 15.648
7673 15.648
7674 15.650
7675 15.651
7676 15.652
7677 15.656
7678 15.654
7679 15.657
7680 15.660
7681 15.661
7682 15.663
7683 15.666
7684 15.666
7685 15.670
7686 15.672
7687 15.671
7688 15.675
7689 15.674
7690 15.675
7691 15.676
7692 15.678
7693 15.681
7694 15.681
7695 15.680
7696 15.683
7697 15.683
7698 15.684
7699 15.685
7700 15.688
7701 15.687
7702 15.689
7703 15.691
7704 15.693
7705 15.696
7706 15.696
7707 15.698
7708 15.704
7709 15.704
7710 15.708
7711 15.711
7712 15.711
7713 15.715
7714 15.716
7715 15.718
7716 15.718
7717 15.721
7718 15.721
7719 15.723
7720 15.726
7721 15.726
7722 15.725
7723 15.727
7724 15.726
7725 15.729
7726 15.732
7727 15.734
7728 15.736
7729 15.737
7730 15.740
7731 15.744
7732 15.744
7733 15.747
7734 15.751
7735 15.750
7736 15.752
7737 15.755
7738 15.758
7739 15.760
7740 15.762
7741 15.763
7742 15.769
7743 15.769
7744 15.770
7745 15.773
7746 15.774
7747 15.773
7748 15.773
7749 15.775
7750 15.772
7751 15.773
7752 15.774
7753 15.777
7754 15.780
7755 15.780
7756 15.780
7757 15.781
7758 15.782
7759 15.786
7760 15.785
7761 15.787
7762 15.788
7763 15.790
7764 15.789
7765 15.790
7766 15.793
7767 15.796
7768 15.798
7769 15.800
7770 15.804
7771 15.805
7772 15.808
7773 15.810
7774 15.814
7775 15.817
7776 15.816
7777 15.820
7778 15.822
7779 15.822
7780 15.825
7781 15.828
7782 15.831
7783 15.829
7784 15.831
7785 15.834
7786 15.835
7787 15.837
7788 15.840
7789 15.841
7790 15.841
7791 15.847
7792 15.845
7793 15.845
7794 15.847
7795 15.849
7796 15.848
7797 15.850
7798 15.850
7799 15.853
7800 15.854
7801 15.858
7802 15.858
7803 15.859
7804 15.864
7805 15.865
7806 15.863
7807 15.867
7808 15.870
7809 15.870
7810 15.875
7811 15.874
7812 15.878
7813 15.882
7814 15.884
7815 15.884
7816 15.883
7817 15.885
7818 15.888
7819 15.890
7820 15.891
7821 15.894
7822 15.895
7823 15.896
7824 15.898
7825 15.897
7826 15.897
7827 15.900
7828 15.899
7829 15.899
7830 15.900
7831 15.900
7832 15.901
7833 15.904
7834 15.901
7835 15.904
7836 15.908
7837 15.908
7838 15.910
7839 15.913
7840 15.915
7841 15.916
7842 15.916
7843 15.915
7844 15.919
7845 15.924
7846 15.921
7847 15.924
7848 15.926
7849 15.928
7850 15.928
7851 15.926
7852 15.930
7853 15.931
7854 15.930
7855 15.932
7856 15.932
7857 15.934
7858 15.936
7859 15.935
7860 15.937
7861 15.939
7862 15.939
7863 15.944
7864 15.944
7865 15.945
7866 15.949
7867 15.952
7868 15.953
7869 15.957
7870 15.959
7871 15.960
7872 15.962
7873 15.965
7874 15.968
7875 15.971
7876 15.974
7877 15.976
7878 15.976
7879 15.980
7880 15.983
7881 15.981
7882 15.985
7883 15.986
7884 15.988
7885 15.989
7886 15.988
7887 15.992
7888 15.993
7889 15.995
7890 15.995
7891 15.996
7892 15.996
7893 15.999
7894 15.998
7895 16.000
7896 16.002
7897 16.004
7898 16.005
7899 16.007
7900 16.009
7901 16.009
7902 16.010
7903 16.011
7904 16.014
7905 16.014
7906 16.018
7907 16.017
7908 16.019
7909 16.022
7910 16.023
7911 16.023
7912 16.025
7913 16.023
7914 16.024
7915 16.023
7916 16.027
7917 16.029
7918 16.030
7919 16.030
7920 16.031
7921 16.034
7922 16.035
7923 16.035
7924 16.038
7925 16.040
7926 16.042
7927 16.042
7928 16.045
7929 16.048
7930 16.048
7931 16.050
7932 16.051
7933 16.052
7934 16.053
7935 16.058
7936 16.058
7937 16.060
7938 16.064
7939 16.064
7940 16.069
7941 16.072
7942 16.071
7943 16.077
7944 16.075
7945 16.075
7946 16.079
7947 16.078
7948 16.079
7949 16.079
7950 16.079
7951 16.079
7952 16.081
7953 16.083
7954 16.083
7955 16.084
7956 16.082
7957 16.084
7958 16.087
7959 16.087
7960 16.088
7961 16.091
7962 16.093
7963 16.092
7964 16.090
7965 16.091
7966 16.092
7967 16.091
7968 16.094
7969 16.096
7970 16.094
7971 16.096
7972 16.098
7973 16.096
7974 16.096
7975 16.100
7976 16.098
7977 16.100
7978 16.102
7979 16.102
7980 16.103
7981 16.104
7982 16.104
7983 16.109
7984 16.108
7985 16.111
7986 16.113
7987 16.112
7988 16.114
7989 16.117
7990 16.118
7991 16.119
7992 16.121
7993 16.125
7994 16.127
7995 16.130
7996 16.132
7997 16.131
7998 16.136
7999 16.137
