0 0.000
1 0.283
2 0.320
3 0.327
4 0.400
5 0.418
6 0.450
7 0.478
8 0.501
9 0.525
10 0.545
11 0.565
12 0.587
13 0.606
14 0.622
15 0.639
16 0.659
17 0.674
18 0.690
19 0.704
20 0.721
21 0.733
22 0.748
23 0.763
24 0.775
25 0.789
26 0.802
27 0.815
28 0.826
29 0.837
30 0.851
31 0.865
32 0.875
33 0.888
34 0.900
35 0.909
36 0.919
37 0.933
38 0.940
39 0.951
40 0.961
41 0.970
42 0.982
43 0.992
44 0.999
45 1.009
46 1.019
47 1.025
48 1.033
49 1.039
50 1.048
51 1.055
52 1.066
53 1.076
54 1.081
55 1.092
56 1.097
57 1.105
58 1.114
59 1.119
60 1.127
61 1.135
62 1.140
63 1.152
64 1.157
65 1.164
66 1.171
67 1.176
68 1.187
69 1.193
70 1.201
71 1.210
72 1.213
73 1.221
74 1.229
75 1.235
76 1.241
77 1.246
78 1.249
79 1.259
80 1.263
81 1.269
82 1.275
83 1.279
84 1.282
85 1.289
86 1.294
87 1.301
88 1.304
89 1.310
90 1.315
91 1.320
92 1.327
93 1.331
94 1.337
95 1.345
96 1.348
97 1.355
98 1.360
99 1.364
100 1.372
101 1.377
102 1.383
103 1.384
104 1.392
105 1.398
106 1.405
107 1.408
108 1.413
109 1.421
110 1.424
111 1.430
112 1.437
113 1.443
114 1.444
115 1.450
116 1.454
117 1.458
118 1.463
119 1.470
120 1.475
121 1.479
122 1.485
123 1.491
124 1.496
125 1.502
126 1.507
127 1.512
128 1.517
129 1.524
130 1.529
131 1.532
132 1.536
133 1.541
134 1.544
135 1.552
136 1.556
137 1.562
138 1.568
139 1.569
140 1.577
141 1.582
142 1.586
143 1.590
144 1.594
145 1.601
146 1.604
147 1.608
148 1.612
149 1.616
150 1.617
151 1.623
152 1.629
153 1.632
154 1.636
155 1.644
156 1.646
157 1.651
158 1.657
159 1.662
160 1.669
161 1.670
162 1.674
163 1.680
164 1.682
165 1.683
166 1.690
167 1.693
168 1.695
169 1.701
170 1.704
171 1.706
172 1.710
173 1.714
174 1.718
175 1.719
176 1.726
177 1.732
178 1.733
179 1.737
180 1.740
181 1.745
182 1.746
183 1.751
184 1.755
185 1.757
186 1.761
187 1.765
188 1.765
189 1.770
190 1.773
191 1.779
192 1.782
193 1.788
194 1.791
195 1.795
196 1.798
197 1.803
198 1.808
199 1.810
200 1.815
201 1.819
202 1.823
203 1.829
204 1.831
205 1.835
206 1.839
207 1.842
208 1.847
209 1.855
210 1.857
211 1.862
212 1.867
213 1.868
214 1.875
215 1.878
216 1.882
217 1.886
218 1.892
219 1.894
220 1.898
221 1.903
222 1.905
223 1.909
224 1.911
225 1.917
226 1.920
227 1.921
228 1.926
229 1.931
230 1.930
231 1.936
232 1.939
233 1.944
234 1.948
235 1.951
236 1.958
237 1.959
238 1.966
239 1.968
240 1.970
241 1.975
242 1.978
243 1.981
244 1.987
245 1.990
246 1.993
247 1.997
248 1.999
249 2.001
250 2.002
251 2.004
252 2.006
253 2.009
254 2.009
255 2.015
256 2.015
257 2.019
258 2.023
259 2.024
260 2.030
261 2.033
262 2.036
263 2.042
264 2.046
265 2.049
266 2.051
267 2.058
268 2.061
269 2.061
270 2.067
271 2.070
272 2.074
273 2.073
274 2.078
275 2.081
276 2.082
277 2.088
278 2.086
279 2.092
280 2.096
281 2.098
282 2.099
283 2.106
284 2.110
285 2.113
286 2.117
287 2.123
288 2.125
289 2.130
290 2.133
291 2.138
292 2.143
293 2.145
294 2.151
295 2.155
296 2.157
297 2.161
298 2.166
299 2.169
300 2.174
301 2.179
302 2.185
303 2.189
304 2.194
305 2.198
306 2.203
307 2.209
308 2.213
309 2.217
310 2.221
311 2.225
312 2.226
313 2.230
314 2.233
315 2.236
316 2.241
317 2.245
318 2.247
319 2.250
320 2.253
321 2.257
322 2.261
323 2.264
324 2.268
325 2.272
326 2.276
327 2.281
328 2.283
329 2.289
330 2.294
331 2.293
332 2.296
333 2.298
334 2.302
335 2.304
336 2.309
337 2.311
338 2.312
339 2.318
340 2.319
341 2.322
342 2.325
343 2.326
344 2.331
345 2.332
346 2.335
347 2.337
348 2.338
349 2.339
350 2.344
351 2.347
352 2.353
353 2.352
354 2.359
355 2.364
356 2.366
357 2.372
358 2.373
359 2.375
360 2.379
361 2.380
362 2.384
363 2.389
364 2.392
365 2.397
366 2.400
367 2.405
368 2.405
369 2.409
370 2.412
371 2.412
372 2.417
373 2.419
374 2.422
375 2.425
376 2.427
377 2.430
378 2.434
379 2.440
380 2.440
381 2.443
382 2.451
383 2.451
384 2.456
385 2.462
386 2.464
387 2.468
388 2.473
389 2.476
390 2.478
391 2.485
392 2.487
393 2.492
394 2.496
395 2.497
396 2.498
397 2.502
398 2.503
399 2.505
400 2.507
401 2.511
402 2.512
403 2.513
404 2.518
405 2.520
406 2.523
407 2.525
408 2.530
409 2.531
410 2.537
411 2.540
412 2.540
413 2.543
414 2.549
415 2.549
416 2.551
417 2.555
418 2.555
419 2.556
420 2.561
421 2.563
422 2.566
423 2.569
424 2.570
425 2.573
426 2.579
427 2.584
428 2.585
429 2.586
430 2.587
431 2.590
432 2.594
433 2.595
434 2.598
435 2.602
436 2.603
437 2.608
438 2.610
439 2.610
440 2.616
441 2.617
442 2.619
443 2.623
444 2.622
445 2.628
446 2.634
447 2.634
448 2.640
449 2.644
450 2.647
451 2.649
452 2.652
453 2.654
454 2.656
455 2.661
456 2.659
457 2.662
458 2.666
459 2.664
460 2.669
461 2.671
462 2.673
463 2.678
464 2.676
465 2.682
466 2.684
467 2.683
468 2.687
469 2.689
470 2.692
471 2.692
472 2.695
473 2.696
474 2.698
475 2.701
476 2.705
477 2.705
478 2.710
479 2.712
480 2.712
481 2.715
482 2.715
483 2.718
484 2.722
485 2.720
486 2.724
487 2.727
488 2.726
489 2.729
490 2.731
491 2.731
492 2.733
493 2.732
494 2.736
495 2.735
496 2.739
497 2.742
498 2.745
499 2.745
500 2.747
501 2.752
502 2.750
503 2.752
504 2.756
505 2.756
506 2.759
507 2.763
508 2.764
509 2.766
510 2.767
511 2.770
512 2.768
513 2.772
514 2.773
515 2.774
516 2.781
517 2.785
518 2.785
519 2.790
520 2.793
521 2.795
522 2.798
523 2.798
524 2.802
525 2.801
526 2.803
527 2.808
528 2.807
529 2.809
530 2.812
531 2.815
532 2.817
533 2.818
534 2.822
535 2.823
536 2.826
537 2.828
538 2.833
539 2.836
540 2.837
541 2.841
542 2.847
543 2.849
544 2.851
545 2.855
546 2.858
547 2.859
548 2.864
549 2.865
550 2.867
551 2.868
552 2.874
553 2.876
554 2.878
555 2.882
556 2.884
557 2.885
558 2.892
559 2.895
560 2.894
561 2.896
562 2.900
563 2.901
564 2.905
565 2.908
566 2.911
567 2.912
568 2.913
569 2.917
570 2.918
571 2.922
572 2.925
573 2.927
574 2.930
575 2.934
576 2.938
577 2.940
578 2.942
579 2.947
580 2.951
581 2.951
582 2.954
583 2.958
584 2.960
585 2.963
586 2.966
587 2.967
588 2.969
589 2.972
590 2.974
591 2.976
592 2.980
593 2.984
594 2.986
595 2.992
596 2.996
597 2.999
598 2.998
599 3.003
600 3.006
601 3.007
602 3.011
603 3.015
604 3.019
605 3.024
606 3.028
607 3.032
608 3.034
609 3.035
610 3.036
611 3.039
612 3.042
613 3.042
614 3.045
615 3.049
616 3.050
617 3.055
618 3.057
619 3.058
620 3.063
621 3.064
622 3.068
623 3.067
624 3.071
625 3.076
626 3.078
627 3.081
628 3.083
629 3.086
630 3.088
631 3.094
632 3.094
633 3.097
634 3.101
635 3.104
636 3.103
637 3.109
638 3.110
639 3.111
640 3.112
641 3.116
642 3.120
643 3.123
644 3.125
645 3.127
646 3.131
647 3.132
648 3.134
649 3.141
650 3.139
651 3.142
652 3.144
653 3.146
654 3.147
655 3.152
656 3.153
657 3.156
658 3.160
659 3.160
660 3.163
661 3.165
662 3.170
663 3.173
664 3.173
665 3.175
666 3.176
667 3.181
668 3.180
669 3.183
670 3.187
671 3.188
672 3.192
673 3.192
674 3.195
675 3.200
676 3.202
677 3.204
678 3.205
679 3.207
680 3.210
681 3.212
682 3.213
683 3.213
684 3.215
685 3.219
686 3.221
687 3.222
688 3.223
689 3.229
690 3.227
691 3.231
692 3.234
693 3.232
694 3.235
695 3.237
696 3.234
697 3.239
698 3.238
699 3.237
700 3.241
701 3.239
702 3.238
703 3.241
704 3.238
705 3.242
706 3.242
707 3.243
708 3.242
709 3.245
710 3.246
711 3.248
712 3.251
713 3.251
714 3.253
715 3.255
716 3.257
717 3.258
718 3.260
719 3.261
720 3.262
721 3.263
722 3.266
723 3.267
724 3.272
725 3.272
726 3.272
727 3.276
728 3.276
729 3.277
730 3.279
731 3.280
732 3.279
733 3.281
734 3.284
735 3.286
736 3.289
737 3.292
738 3.294
739 3.295
740 3.297
741 3.302
742 3.303
743 3.303
744 3.306
745 3.309
746 3.309
747 3.310
748 3.312
749 3.312
750 3.316
751 3.318
752 3.320
753 3.322
754 3.326
755 3.328
756 3.329
757 3.331
758 3.335
759 3.338
760 3.342
761 3.342
762 3.345
763 3.349
764 3.351
765 3.355
766 3.356
767 3.358
768 3.360
769 3.363
770 3.366
771 3.369
772 3.372
773 3.374
774 3.376
775 3.378
776 3.383
777 3.384
778 3.385
779 3.390
780 3.389
781 3.393
782 3.394
783 3.396
784 3.398
785 3.400
786 3.404
787 3.406
788 3.411
789 3.413
790 3.413
791 3.417
792 3.419
793 3.418
794 3.422
795 3.426
796 3.426
797 3.431
798 3.432
799 3.435
800 3.438
801 3.440
802 3.443
803 3.446
804 3.449
805 3.451
806 3.455
807 3.457
808 3.458
809 3.463
810 3.464
811 3.467
812 3.469
813 3.472
814 3.475
815 3.476
816 3.481
817 3.480
818 3.483
819 3.485
820 3.485
821 3.486
822 3.491
823 3.493
824 3.492
825 3.497
826 3.499
827 3.500
828 3.503
829 3.504
830 3.507
831 3.508
832 3.511
833 3.514
834 3.517
835 3.520
836 3.523
837 3.524
838 3.528
839 3.530
840 3.531
841 3.535
842 3.535
843 3.538
844 3.539
845 3.539
846 3.541
847 3.543
848 3.544
849 3.547
850 3.546
851 3.547
852 3.549
853 3.550
854 3.552
855 3.552
856 3.554
857 3.557
858 3.558
859 3.560
860 3.563
861 3.565
862 3.568
863 3.568
864 3.572
865 3.576
866 3.576
867 3.580
868 3.581
869 3.583
870 3.586
871 3.586
872 3.588
873 3.593
874 3.595
875 3.599
876 3.600
877 3.598
878 3.603
879 3.602
880 3.605
881 3.608
882 3.608
883 3.613
884 3.616
885 3.619
886 3.622
887 3.623
888 3.628
889 3.632
890 3.633
891 3.635
892 3.637
893 3.639
894 3.639
895 3.642
896 3.639
897 3.642
898 3.647
899 3.651
900 3.653
901 3.653
902 3.659
903 3.664
904 3.663
905 3.665
906 3.669
907 3.666
908 3.670
909 3.674
910 3.675
911 3.677
912 3.683
913 3.684
914 3.685
915 3.687
916 3.692
917 3.697
918 3.700
919 3.705
920 3.708
921 3.711
922 3.716
923 3.717
924 3.719
925 3.721
926 3.723
927 3.726
928 3.729
929 3.733
930 3.734
931 3.737
932 3.738
933 3.736
934 3.741
935 3.739
936 3.741
937 3.743
938 3.744
939 3.747
940 3.749
941 3.749
942 3.750
943 3.752
944 3.753
945 3.755
946 3.755
947 3.759
948 3.762
949 3.763
950 3.765
951 3.767
952 3.769
953 3.774
954 3.773
955 3.776
956 3.778
957 3.783
958 3.785
959 3.786
960 3.790
961 3.793
962 3.792
963 3.797
964 3.799
965 3.802
966 3.805
967 3.807
968 3.810
969 3.808
970 3.812
971 3.817
972 3.818
973 3.818
974 3.820
975 3.825
976 3.827
977 3.830
978 3.833
979 3.834
980 3.839
981 3.838
982 3.840
983 3.842
984 3.845
985 3.847
986 3.848
987 3.852
988 3.854
989 3.856
990 3.854
991 3.858
992 3.859
993 3.860
994 3.863
995 3.862
996 3.866
997 3.866
998 3.869
999 3.871
1000 3.872
1001 3.875
1002 3.874
1003 3.877
1004 3.877
1005 3.879
1006 3.881
1007 3.883
1008 3.882
1009 3.887
1010 3.890
1011 3.890
1012 3.894
1013 3.900
1014 3.901
1015 3.903
1016 3.904
1017 3.905
1018 3.907
1019 3.912
1020 3.912
1021 3.916
1022 3.918
1023 3.918
1024 3.924
1025 3.925
1026 3.925
1027 3.926
1028 3.929
1029 3.932
1030 3.933
1031 3.934
1032 3.936
1033 3.937
1034 3.940
1035 3.941
1036 3.943
1037 3.946
1038 3.951
1039 3.953
1040 3.955
1041 3.957
1042 3.958
1043 3.961
1044 3.962
1045 3.967
1046 3.968
1047 3.968
1048 3.974
1049 3.974
1050 3.977
1051 3.977
1052 3.978
1053 3.983
1054 3.982
1055 3.985
1056 3.985
1057 3.986
1058 3.985
1059 3.988
1060 3.988
1061 3.992
1062 3.996
1063 4.001
1064 4.003
1065 4.008
1066 4.008
1067 4.012
1068 4.015
1069 4.016
1070 4.020
1071 4.023
1072 4.023
1073 4.023
1074 4.029
1075 4.031
1076 4.031
1077 4.032
1078 4.034
1079 4.036
1080 4.039
1081 4.041
1082 4.041
1083 4.046
1084 4.046
1085 4.047
1086 4.046
1087 4.046
1088 4.050
1089 4.052
1090 4.051
1091 4.055
1092 4.056
1093 4.058
1094 4.058
1095 4.058
1096 4.059
1097 4.060
1098 4.063
1099 4.065
1100 4.067
1101 4.070
1102 4.072
1103 4.074
1104 4.077
1105 4.079
1106 4.080
1107 4.082
1108 4.086
1109 4.086
1110 4.090
1111 4.091
1112 4.093
1113 4.096
1114 4.095
1115 4.098
1116 4.100
1117 4.100
1118 4.104
1119 4.104
1120 4.105
1121 4.108
1122 4.107
1123 4.110
1124 4.113
1125 4.114
1126 4.118
1127 4.120
1128 4.123
1129 4.124
1130 4.129
1131 4.129
1132 4.132
1133 4.134
1134 4.137
1135 4.139
1136 4.139
1137 4.143
1138 4.143
1139 4.146
1140 4.150
1141 4.148
1142 4.153
1143 4.157
1144 4.156
1145 4.156
1146 4.158
1147 4.160
1148 4.160
1149 4.160
1150 4.163
1151 4.161
1152 4.166
1153 4.167
1154 4.169
1155 4.171
1156 4.171
1157 4.174
1158 4.175
1159 4.177
1160 4.181
1161 4.182
1162 4.183
1163 4.186
1164 4.188
1165 4.188
1166 4.189
1167 4.193
1168 4.193
1169 4.196
1170 4.196
1171 4.197
1172 4.201
1173 4.200
1174 4.203
1175 4.205
1176 4.208
1177 4.209
1178 4.209
1179 4.214
1180 4.216
1181 4.219
1182 4.220
1183 4.221
1184 4.224
1185 4.229
1186 4.230
1187 4.235
1188 4.236
1189 4.238
1190 4.246
1191 4.248
1192 4.249
1193 4.255
1194 4.259
1195 4.261
1196 4.266
1197 4.266
1198 4.269
1199 4.269
1200 4.272
1201 4.273
1202 4.274
1203 4.276
1204 4.277
1205 4.281
1206 4.282
1207 4.283
1208 4.286
1209 4.288
1210 4.291
1211 4.295
1212 4.298
1213 4.301
1214 4.303
1215 4.306
1216 4.308
1217 4.311
1218 4.313
1219 4.316
1220 4.317
1221 4.322
1222 4.321
1223 4.324
1224 4.329
1225 4.330
1226 4.337
1227 4.338
1228 4.342
1229 4.344
1230 4.346
1231 4.350
1232 4.351
1233 4.354
1234 4.355
1235 4.360
1236 4.361
1237 4.366
1238 4.368
1239 4.369
1240 4.371
1241 4.372
1242 4.371
1243 4.374
1244 4.374
1245 4.376
1246 4.378
1247 4.376
1248 4.381
1249 4.382
1250 4.383
1251 4.385
1252 4.386
1253 4.389
1254 4.392
1255 4.393
1256 4.395
1257 4.398
1258 4.399
1259 4.403
1260 4.405
1261 4.407
1262 4.408
1263 4.412
1264 4.411
1265 4.413
1266 4.416
1267 4.417
1268 4.419
1269 4.423
1270 4.425
1271 4.430
1272 4.432
1273 4.435
1274 4.438
1275 4.439
1276 4.441
1277 4.440
1278 4.442
1279 4.444
1280 4.444
1281 4.447
1282 4.450
1283 4.451
1284 4.452
1285 4.454
1286 4.453
1287 4.456
1288 4.457
1289 4.459
1290 4.459
1291 4.459
1292 4.458
1293 4.460
1294 4.462
1295 4.463
1296 4.462
1297 4.466
1298 4.468
1299 4.469
1300 4.474
1301 4.476
1302 4.480
1303 4.484
1304 4.482
1305 4.488
1306 4.490
1307 4.490
1308 4.494
1309 4.497
1310 4.499
1311 4.503
1312 4.505
1313 4.509
1314 4.512
1315 4.519
1316 4.519
1317 4.524
1318 4.526
1319 4.528
1320 4.530
1321 4.531
1322 4.529
1323 4.532
1324 4.534
1325 4.535
1326 4.539
1327 4.542
1328 4.545
1329 4.549
1330 4.551
1331 4.556
1332 4.558
1333 4.558
1334 4.560
1335 4.564
1336 4.564
1337 4.568
1338 4.572
1339 4.572
1340 4.575
1341 4.578
1342 4.578
1343 4.582
1344 4.584
1345 4.588
1346 4.589
1347 4.593
1348 4.595
1349 4.600
1350 4.602
1351 4.607
1352 4.611
1353 4.614
1354 4.618
1355 4.619
1356 4.623
1357 4.623
1358 4.627
1359 4.629
1360 4.634
1361 4.636
1362 4.639
1363 4.644
1364 4.645
1365 4.650
1366 4.654
1367 4.655
1368 4.659
1369 4.660
1370 4.663
1371 4.663
1372 4.665
1373 4.669
1374 4.670
1375 4.670
1376 4.673
1377 4.674
1378 4.676
1379 4.678
1380 4.680
1381 4.683
1382 4.683
1383 4.686
1384 4.689
1385 4.693
1386 4.696
1387 4.700
1388 4.702
1389 4.703
1390 4.707
1391 4.709
1392 4.711
1393 4.713
1394 4.714
1395 4.719
1396 4.723
1397 4.724
1398 4.729
1399 4.731
1400 4.733
1401 4.736
1402 4.738
1403 4.744
1404 4.745
1405 4.748
1406 4.751
1407 4.751
1408 4.750
1409 4.755
1410 4.756
1411 4.758
1412 4.762
1413 4.762
1414 4.766
1415 4.767
1416 4.770
1417 4.771
1418 4.774
1419 4.775
1420 4.777
1421 4.780
1422 4.781
1423 4.785
1424 4.788
1425 4.790
1426 4.790
1427 4.795
1428 4.796
1429 4.795
1430 4.801
1431 4.801
1432 4.806
1433 4.809
1434 4.809
1435 4.809
1436 4.816
1437 4.818
1438 4.820
1439 4.821
1440 4.820
1441 4.824
1442 4.825
1443 4.827
1444 4.832
1445 4.831
1446 4.833
1447 4.835
1448 4.838
1449 4.839
1450 4.840
1451 4.844
1452 4.848
1453 4.852
1454 4.854
1455 4.856
1456 4.858
1457 4.859
1458 4.861
1459 4.865
1460 4.868
1461 4.871
1462 4.873
1463 4.878
1464 4.878
1465 4.876
1466 4.883
1467 4.884
1468 4.883
1469 4.889
1470 4.890
1471 4.890
1472 4.896
1473 4.901
1474 4.904
1475 4.904
1476 4.908
1477 4.912
1478 4.914
1479 4.918
1480 4.920
1481 4.924
1482 4.924
1483 4.929
1484 4.931
1485 4.932
1486 4.935
1487 4.938
1488 4.939
1489 4.945
1490 4.945
1491 4.946
1492 4.950
1493 4.952
1494 4.955
1495 4.957
1496 4.957
1497 4.960
1498 4.961
1499 4.963
1500 4.966
1501 4.970
1502 4.972
1503 4.977
1504 4.980
1505 4.985
1506 4.986
1507 4.990
1508 4.994
1509 4.997
1510 5.000
1511 5.004
1512 5.007
1513 5.009
1514 5.011
1515 5.013
1516 5.015
1517 5.017
1518 5.018
1519 5.020
1520 5.021
1521 5.025
1522 5.026
1523 5.028
1524 5.031
1525 5.033
1526 5.035
1527 5.036
1528 5.041
1529 5.041
1530 5.043
1531 5.045
1532 5.049
1533 5.050
1534 5.051
1535 5.053
1536 5.056
1537 5.056
1538 5.059
1539 5.062
1540 5.061
1541 5.066
1542 5.066
1543 5.068
1544 5.068
1545 5.072
1546 5.073
1547 5.073
1548 5.074
1549 5.074
1550 5.078
1551 5.078
1552 5.080
1553 5.083
1554 5.084
1555 5.087
1556 5.088
1557 5.091
1558 5.091
1559 5.095
1560 5.097
1561 5.096
1562 5.100
1563 5.102
1564 5.101
1565 5.102
1566 5.102
1567 5.105
1568 5.107
1569 5.106
1570 5.108
1571 5.108
1572 5.110
1573 5.110
1574 5.116
1575 5.118
1576 5.120
1577 5.122
1578 5.125
1579 5.128
1580 5.132
1581 5.133
1582 5.136
1583 5.140
1584 5.142
1585 5.142
1586 5.145
1587 5.145
1588 5.147
1589 5.149
1590 5.152
1591 5.154
1592 5.157
1593 5.160
1594 5.163
1595 5.164
1596 5.166
1597 5.171
1598 5.173
1599 5.175
1600 5.177
1601 5.180
1602 5.184
1603 5.186
1604 5.193
1605 5.194
1606 5.196
1607 5.199
1608 5.203
1609 5.203
1610 5.204
1611 5.208
1612 5.210
1613 5.211
1614 5.215
1615 5.215
1616 5.219
1617 5.221
1618 5.222
1619 5.229
1620 5.231
1621 5.232
1622 5.238
1623 5.240
1624 5.243
1625 5.245
1626 5.249
1627 5.252
1628 5.254
1629 5.254
1630 5.255
1631 5.260
1632 5.260
1633 5.261
1634 5.262
1635 5.266
1636 5.267
1637 5.270
1638 5.272
1639 5.274
1640 5.277
1641 5.279
1642 5.281
1643 5.281
1644 5.283
1645 5.286
1646 5.287
1647 5.288
1648 5.289
1649 5.291
1650 5.294
1651 5.296
1652 5.300
1653 5.304
1654 5.304
1655 5.312
1656 5.313
1657 5.315
1658 5.319
1659 5.320
1660 5.321
1661 5.322
1662 5.323
1663 5.323
1664 5.325
1665 5.324
1666 5.330
1667 5.329
1668 5.332
1669 5.333
1670 5.335
1671 5.335
1672 5.339
1673 5.341
1674 5.342
1675 5.346
1676 5.348
1677 5.348
1678 5.350
1679 5.353
1680 5.359
1681 5.360
1682 5.362
1683 5.365
1684 5.364
1685 5.367
1686 5.368
1687 5.370
1688 5.371
1689 5.373
1690 5.375
1691 5.377
1692 5.379
1693 5.384
1694 5.386
1695 5.387
1696 5.392
1697 5.394
1698 5.394
1699 5.399
1700 5.401
1701 5.403
1702 5.405
1703 5.407
1704 5.408
1705 5.409
1706 5.412
1707 5.413
1708 5.415
1709 5.415
1710 5.416
1711 5.419
1712 5.420
1713 5.421
1714 5.424
1715 5.424
1716 5.427
1717 5.429
1718 5.430
1719 5.432
1720 5.432
1721 5.436
1722 5.437
1723 5.436
1724 5.439
1725 5.438
1726 5.439
1727 5.444
1728 5.445
1729 5.447
1730 5.451
1731 5.452
1732 5.456
1733 5.459
1734 5.461
1735 5.465
1736 5.468
1737 5.471
1738 5.473
1739 5.474
1740 5.476
1741 5.480
1742 5.484
1743 5.485
1744 5.490
1745 5.492
1746 5.495
1747 5.499
1748 5.503
1749 5.507
1750 5.509
1751 5.513
1752 5.515
1753 5.518
1754 5.522
1755 5.523
1756 5.528
1757 5.529
1758 5.533
1759 5.535
1760 5.535
1761 5.537
1762 5.540
1763 5.545
1764 5.546
1765 5.546
1766 5.550
1767 5.553
1768 5.554
1769 5.556
1770 5.556
1771 5.561
1772 5.563
1773 5.564
1774 5.567
1775 5.568
1776 5.571
1777 5.571
1778 5.574
1779 5.578
1780 5.580
1781 5.583
1782 5.586
1783 5.590
1784 5.594
1785 5.594
1786 5.599
1787 5.601
1788 5.604
1789 5.609
1790 5.611
1791 5.614
1792 5.615
1793 5.617
1794 5.623
1795 5.625
1796 5.626
1797 5.630
1798 5.632
1799 5.635
1800 5.638
1801 5.638
1802 5.643
1803 5.643
1804 5.645
1805 5.649
1806 5.651
1807 5.654
1808 5.657
1809 5.656
1810 5.660
1811 5.661
1812 5.662
1813 5.663
1814 5.665
1815 5.668
1816 5.668
1817 5.671
1818 5.670
1819 5.673
1820 5.676
1821 5.676
1822 5.677
1823 5.679
1824 5.682
1825 5.685
1826 5.688
1827 5.692
1828 5.690
1829 5.695
1830 5.698
1831 5.700
1832 5.702
1833 5.706
1834 5.707
1835 5.708
1836 5.712
1837 5.714
1838 5.718
1839 5.718
1840 5.722
1841 5.725
1842 5.728
1843 5.730
1844 5.733
1845 5.736
1846 5.737
1847 5.742
1848 5.745
1849 5.749
1850 5.750
1851 5.752
1852 5.755
1853 5.756
1854 5.759
1855 5.764
1856 5.767
1857 5.770
1858 5.773
1859 5.775
1860 5.779
1861 5.781
1862 5.787
1863 5.787
1864 5.789
1865 5.794
1866 5.793
1867 5.798
1868 5.800
1869 5.802
1870 5.804
1871 5.806
1872 5.810
1873 5.812
1874 5.812
1875 5.817
1876 5.819
1877 5.819
1878 5.823
1879 5.826
1880 5.830
1881 5.830
1882 5.832
1883 5.835
1884 5.834
1885 5.833
1886 5.838
1887 5.837
1888 5.837
1889 5.838
1890 5.840
1891 5.837
1892 5.838
1893 5.840
1894 5.840
1895 5.841
1896 5.847
1897 5.846
1898 5.848
1899 5.848
1900 5.849
1901 5.853
1902 5.853
1903 5.851
1904 5.852
1905 5.854
1906 5.856
1907 5.857
1908 5.859
1909 5.860
1910 5.863
1911 5.864
1912 5.864
1913 5.867
1914 5.871
1915 5.873
1916 5.874
1917 5.879
1918 5.879
1919 5.882
1920 5.885
1921 5.888
1922 5.895
1923 5.899
1924 5.903
1925 5.905
1926 5.909
1927 5.911
1928 5.915
1929 5.917
1930 5.921
1931 5.921
1932 5.925
1933 5.928
1934 5.930
1935 5.933
1936 5.936
1937 5.938
1938 5.941
1939 5.944
1940 5.943
1941 5.946
1942 5.949
1943 5.951
1944 5.956
1945 5.956
1946 5.961
1947 5.964
1948 5.967
1949 5.969
1950 5.972
1951 5.976
1952 5.976
1953 5.981
1954 5.983
1955 5.984
1956 5.989
1957 5.993
1958 5.994
1959 6.000
1960 6.001
1961 6.004
1962 6.008
1963 6.010
1964 6.013
1965 6.017
1966 6.017
1967 6.021
1968 6.024
1969 6.024
1970 6.028
1971 6.030
1972 6.033
1973 6.035
1974 6.035
1975 6.039
1976 6.043
1977 6.045
1978 6.050
1979 6.054
1980 6.058
1981 6.063
1982 6.063
1983 6.068
1984 6.075
1985 6.076
1986 6.085
1987 6.086
1988 6.092
1989 6.094
1990 6.097
1991 6.100
1992 6.098
1993 6.102
1994 6.104
1995 6.104
1996 6.108
1997 6.108
1998 6.112
1999 6.115
2000 6.116
2001 6.119
2002 6.121
2003 6.122
2004 6.125
2005 6.127
2006 6.130
2007 6.133
2008 6.134
2009 6.135
2010 6.138
2011 6.139
2012 6.140
2013 6.145
2014 6.147
2015 6.149
2016 6.153
2017 6.155
2018 6.158
2019 6.164
2020 6.162
2021 6.166
2022 6.170
2023 6.172
2024 6.176
2025 6.178
2026 6.181
2027 6.182
2028 6.186
2029 6.188
2030 6.191
2031 6.193
2032 6.195
2033 6.198
2034 6.201
2035 6.206
2036 6.209
2037 6.212
2038 6.212
2039 6.215
2040 6.221
2041 6.221
2042 6.225
2043 6.229
2044 6.230
2045 6.237
2046 6.238
2047 6.240
2048 6.244
2049 6.246
2050 6.252
2051 6.253
2052 6.253
2053 6.257
2054 6.257
2055 6.262
2056 6.263
2057 6.265
2058 6.270
2059 6.268
2060 6.269
2061 6.272
2062 6.270
2063 6.270
2064 6.273
2065 6.273
2066 6.272
2067 6.275
2068 6.277
2069 6.279
2070 6.281
2071 6.281
2072 6.285
2073 6.289
2074 6.289
2075 6.292
2076 6.296
2077 6.297
2078 6.297
2079 6.301
2080 6.303
2081 6.303
2082 6.307
2083 6.311
2084 6.311
2085 6.313
2086 6.317
2087 6.319
2088 6.323
2089 6.324
2090 6.324
2091 6.328
2092 6.331
2093 6.333
2094 6.337
2095 6.339
2096 6.342
2097 6.342
2098 6.346
2099 6.348
2100 6.350
2101 6.351
2102 6.354
2103 6.356
2104 6.362
2105 6.361
2106 6.362
2107 6.366
2108 6.366
2109 6.369
2110 6.370
2111 6.371
2112 6.374
2113 6.377
2114 6.377
2115 6.378
2116 6.379
2117 6.380
2118 6.381
2119 6.378
2120 6.381
2121 6.380
2122 6.381
2123 6.383
2124 6.384
2125 6.384
2126 6.386
2127 6.387
2128 6.386
2129 6.389
2130 6.393
2131 6.390
2132 6.395
2133 6.395
2134 6.395
2135 6.398
2136 6.402
2137 6.403
2138 6.406
2139 6.408
2140 6.409
2141 6.410
2142 6.412
2143 6.419
2144 6.419
2145 6.422
2146 6.423
2147 6.428
2148 6.430
2149 6.429
2150 6.436
2151 6.436
2152 6.439
2153 6.445
2154 6.445
2155 6.448
2156 6.450
2157 6.452
2158 6.456
2159 6.455
2160 6.457
2161 6.461
2162 6.464
2163 6.466
2164 6.470
2165 6.471
2166 6.474
2167 6.477
2168 6.479
2169 6.482
2170 6.485
2171 6.486
2172 6.488
2173 6.488
2174 6.492
2175 6.495
2176 6.498
2177 6.502
2178 6.504
2179 6.506
2180 6.510
2181 6.514
2182 6.514
2183 6.519
2184 6.521
2185 6.524
2186 6.527
2187 6.527
2188 6.527
2189 6.528
2190 6.527
2191 6.529
2192 6.530
2193 6.531
2194 6.535
2195 6.536
2196 6.539
2197 6.538
2198 6.542
2199 6.540
2200 6.539
2201 6.539
2202 6.539
2203 6.542
2204 6.542
2205 6.544
2206 6.547
2207 6.546
2208 6.548
2209 6.550
2210 6.551
2211 6.552
2212 6.554
2213 6.554
2214 6.555
2215 6.559
2216 6.558
2217 6.558
2218 6.562
2219 6.561
2220 6.564
2221 6.566
2222 6.567
2223 6.569
2224 6.571
2225 6.573
2226 6.576
2227 6.575
2228 6.580
2229 6.583
2230 6.585
2231 6.585
2232 6.588
2233 6.588
2234 6.585
2235 6.587
2236 6.590
2237 6.591
2238 6.593
2239 6.593
2240 6.596
2241 6.600
2242 6.601
2243 6.605
2244 6.608
2245 6.612
2246 6.610
2247 6.613
2248 6.617
2249 6.621
2250 6.622
2251 6.622
2252 6.623
2253 6.625
2254 6.628
2255 6.630
2256 6.632
2257 6.635
2258 6.640
2259 6.645
2260 6.645
2261 6.649
2262 6.651
2263 6.655
2264 6.658
2265 6.659
2266 6.661
2267 6.664
2268 6.668
2269 6.670
2270 6.671
2271 6.675
2272 6.675
2273 6.675
2274 6.679
2275 6.679
2276 6.681
2277 6.683
2278 6.682
2279 6.687
2280 6.687
2281 6.685
2282 6.692
2283 6.695
2284 6.699
2285 6.703
2286 6.704
2287 6.707
2288 6.710
2289 6.710
2290 6.713
2291 6.718
2292 6.720
2293 6.723
2294 6.724
2295 6.725
2296 6.728
2297 6.732
2298 6.733
2299 6.738
2300 6.739
2301 6.741
2302 6.744
2303 6.744
2304 6.745
2305 6.749
2306 6.752
2307 6.755
2308 6.757
2309 6.762
2310 6.765
2311 6.765
2312 6.768
2313 6.771
2314 6.774
2315 6.775
2316 6.776
2317 6.777
2318 6.778
2319 6.780
2320 6.781
2321 6.783
2322 6.782
2323 6.784
2324 6.786
2325 6.785
2326 6.787
2327 6.791
2328 6.791
2329 6.794
2330 6.797
2331 6.800
2332 6.799
2333 6.804
2334 6.805
2335 6.808
2336 6.812
2337 6.812
2338 6.814
2339 6.815
2340 6.817
2341 6.818
2342 6.819
2343 6.822
2344 6.823
2345 6.823
2346 6.827
2347 6.827
2348 6.828
2349 6.832
2350 6.832
2351 6.837
2352 6.837
2353 6.837
2354 6.839
2355 6.840
2356 6.842
2357 6.841
2358 6.844
2359 6.845
2360 6.848
2361 6.852
2362 6.854
2363 6.857
2364 6.857
2365 6.862
2366 6.861
2367 6.867
2368 6.870
2369 6.870
2370 6.874
2371 6.875
2372 6.878
2373 6.878
2374 6.880
2375 6.883
2376 6.883
2377 6.886
2378 6.887
2379 6.890
2380 6.893
2381 6.893
2382 6.893
2383 6.894
2384 6.896
2385 6.898
2386 6.900
2387 6.902
2388 6.905
2389 6.906
2390 6.906
2391 6.909
2392 6.909
2393 6.913
2394 6.914
2395 6.915
2396 6.917
2397 6.918
2398 6.920
2399 6.923
2400 6.925
2401 6.925
2402 6.928
2403 6.929
2404 6.930
2405 6.932
2406 6.937
2407 6.938
2408 6.940
2409 6.944
2410 6.945
2411 6.945
2412 6.949
2413 6.949
2414 6.950
2415 6.951
2416 6.953
2417 6.955
2418 6.958
2419 6.961
2420 6.962
2421 6.962
2422 6.964
2423 6.966
2424 6.967
2425 6.968
2426 6.968
2427 6.970
2428 6.970
2429 6.970
2430 6.973
2431 6.971
2432 6.974
2433 6.976
2434 6.975
2435 6.979
2436 6.979
2437 6.981
2438 6.980
2439 6.980
2440 6.980
2441 6.978
2442 6.979
2443 6.980
2444 6.978
2445 6.977
2446 6.979
2447 6.981
2448 6.982
2449 6.983
2450 6.984
2451 6.986
2452 6.987
2453 6.988
2454 6.990
2455 6.991
2456 6.991
2457 6.993
2458 6.993
2459 6.991
2460 6.993
2461 6.995
2462 6.993
2463 7.000
2464 6.998
2465 7.000
2466 7.002
2467 7.001
2468 7.001
2469 7.001
2470 6.999
2471 7.001
2472 7.002
2473 7.002
2474 7.002
2475 7.001
2476 7.003
2477 7.003
2478 7.004
2479 7.003
2480 7.005
2481 7.007
2482 7.009
2483 7.009
2484 7.010
2485 7.009
2486 7.010
2487 7.008
2488 7.010
2489 7.009
2490 7.010
2491 7.013
2492 7.010
2493 7.011
2494 7.014
2495 7.013
2496 7.014
2497 7.018
2498 7.016
2499 7.017
2500 7.015
2501 7.018
2502 7.017
2503 7.016
2504 7.018
2505 7.021
2506 7.020
2507 7.023
2508 7.025
2509 7.025
2510 7.026
2511 7.025
2512 7.028
2513 7.028
2514 7.031
2515 7.031
2516 7.036
2517 7.037
2518 7.037
2519 7.039
2520 7.043
2521 7.043
2522 7.041
2523 7.045
2524 7.048
2525 7.048
2526 7.051
2527 7.051
2528 7.052
2529 7.055
2530 7.054
2531 7.056
2532 7.055
2533 7.053
2534 7.058
2535 7.058
2536 7.055
2537 7.057
2538 7.058
2539 7.058
2540 7.058
2541 7.057
2542 7.059
2543 7.060
2544 7.057
2545 7.060
2546 7.062
2547 7.062
2548 7.063
2549 7.066
2550 7.065
2551 7.067
2552 7.072
2553 7.074
2554 7.073
2555 7.074
2556 7.077
2557 7.079
2558 7.082
2559 7.086
2560 7.086
2561 7.088
2562 7.093
2563 7.092
2564 7.095
2565 7.095
2566 7.097
2567 7.097
2568 7.096
2569 7.098
2570 7.099
2571 7.096
2572 7.097
2573 7.098
2574 7.097
2575 7.099
2576 7.098
2577 7.098
2578 7.101
2579 7.100
2580 7.102
2581 7.105
2582 7.106
2583 7.110
2584 7.109
2585 7.111
2586 7.115
2587 7.116
2588 7.118
2589 7.117
2590 7.118
2591 7.121
2592 7.120
2593 7.124
2594 7.127
2595 7.129
2596 7.130
2597 7.130
2598 7.133
2599 7.134
2600 7.135
2601 7.141
2602 7.140
2603 7.141
2604 7.145
2605 7.148
2606 7.147
2607 7.151
2608 7.154
2609 7.155
2610 7.157
2611 7.158
2612 7.160
2613 7.160
2614 7.162
2615 7.164
2616 7.163
2617 7.164
2618 7.168
2619 7.171
2620 7.171
2621 7.172
2622 7.175
2623 7.177
2624 7.175
2625 7.175
2626 7.175
2627 7.178
2628 7.181
2629 7.182
2630 7.184
2631 7.186
2632 7.187
2633 7.190
2634 7.192
2635 7.193
2636 7.195
2637 7.194
2638 7.199
2639 7.197
2640 7.200
2641 7.201
2642 7.201
2643 7.202
2644 7.205
2645 7.209
2646 7.209
2647 7.211
2648 7.214
2649 7.214
2650 7.216
2651 7.219
2652 7.219
2653 7.220
2654 7.220
2655 7.222
2656 7.223
2657 7.222
2658 7.226
2659 7.225
2660 7.227
2661 7.230
2662 7.230
2663 7.234
2664 7.232
2665 7.234
2666 7.237
2667 7.232
2668 7.234
2669 7.235
2670 7.234
2671 7.237
2672 7.234
2673 7.235
2674 7.239
2675 7.236
2676 7.238
2677 7.242
2678 7.240
2679 7.244
2680 7.245
2681 7.244
2682 7.249
2683 7.253
2684 7.254
2685 7.257
2686 7.260
2687 7.264
2688 7.267
2689 7.269
2690 7.272
2691 7.274
2692 7.277
2693 7.278
2694 7.279
2695 7.280
2696 7.282
2697 7.283
2698 7.286
2699 7.289
2700 7.290
2701 7.292
2702 7.296
2703 7.294
2704 7.301
2705 7.300
2706 7.301
2707 7.306
2708 7.305
2709 7.310
2710 7.313
2711 7.313
2712 7.316
2713 7.317
2714 7.319
2715 7.321
2716 7.321
2717 7.324
2718 7.326
2719 7.325
2720 7.326
2721 7.327
2722 7.325
2723 7.329
2724 7.330
2725 7.330
2726 7.331
2727 7.334
2728 7.334
2729 7.333
2730 7.336
2731 7.336
2732 7.338
2733 7.339
2734 7.338
2735 7.339
2736 7.341
2737 7.340
2738 7.343
2739 7.345
2740 7.346
2741 7.347
2742 7.348
2743 7.349
2744 7.352
2745 7.354
2746 7.354
2747 7.356
2748 7.359
2749 7.358
2750 7.361
2751 7.365
2752 7.365
2753 7.368
2754 7.370
2755 7.370
2756 7.374
2757 7.377
2758 7.377
2759 7.378
2760 7.382
2761 7.380
2762 7.384
2763 7.384
2764 7.380
2765 7.383
2766 7.386
2767 7.384
2768 7.384
2769 7.383
2770 7.384
2771 7.385
2772 7.386
2773 7.385
2774 7.388
2775 7.386
2776 7.389
2777 7.390
2778 7.392
2779 7.395
2780 7.397
2781 7.396
2782 7.399
2783 7.400
2784 7.400
2785 7.400
2786 7.402
2787 7.401
2788 7.403
2789 7.404
2790 7.408
2791 7.406
2792 7.409
2793 7.412
2794 7.413
2795 7.414
2796 7.414
2797 7.416
2798 7.417
2799 7.418
2800 7.419
2801 7.420
2802 7.422
2803 7.425
2804 7.425
2805 7.428
2806 7.430
2807 7.430
2808 7.434
2809 7.437
2810 7.439
2811 7.444
2812 7.445
2813 7.447
2814 7.449
2815 7.449
2816 7.453
2817 7.454
2818 7.454
2819 7.459
2820 7.459
2821 7.459
2822 7.463
2823 7.465
2824 7.467
2825 7.469
2826 7.470
2827 7.474
2828 7.475
2829 7.480
2830 7.481
2831 7.482
2832 7.483
2833 7.485
2834 7.489
2835 7.488
2836 7.491
2837 7.493
2838 7.495
2839 7.496
2840 7.497
2841 7.500
2842 7.501
2843 7.503
2844 7.505
2845 7.508
2846 7.513
2847 7.513
2848 7.518
2849 7.520
2850 7.521
2851 7.524
2852 7.527
2853 7.529
2854 7.532
2855 7.532
2856 7.531
2857 7.536
2858 7.535
2859 7.540
2860 7.540
2861 7.543
2862 7.547
2863 7.544
2864 7.549
2865 7.548
2866 7.552
2867 7.552
2868 7.552
2869 7.555
2870 7.558
2871 7.558
2872 7.561
2873 7.563
2874 7.565
2875 7.563
2876 7.567
2877 7.569
2878 7.572
2879 7.573
2880 7.577
2881 7.577
2882 7.577
2883 7.582
2884 7.584
2885 7.587
2886 7.585
2887 7.589
2888 7.591
2889 7.594
2890 7.595
2891 7.597
2892 7.601
2893 7.604
2894 7.606
2895 7.609
2896 7.609
2897 7.614
2898 7.614
2899 7.616
2900 7.622
2901 7.626
2902 7.627
2903 7.631
2904 7.634
2905 7.636
2906 7.638
2907 7.640
2908 7.643
2909 7.646
2910 7.649
2911 7.651
2912 7.656
2913 7.656
2914 7.659
2915 7.663
2916 7.664
2917 7.667
2918 7.672
2919 7.671
2920 7.674
2921 7.675
2922 7.677
2923 7.684
2924 7.681
2925 7.684
2926 7.689
2927 7.689
2928 7.690
2929 7.692
2930 7.696
2931 7.697
2932 7.698
2933 7.701
2934 7.704
2935 7.705
2936 7.708
2937 7.715
2938 7.718
2939 7.721
2940 7.725
2941 7.725
2942 7.731
2943 7.731
2944 7.735
2945 7.739
2946 7.742
2947 7.743
2948 7.743
2949 7.750
2950 7.751
2951 7.755
2952 7.758
2953 7.761
2954 7.766
2955 7.767
2956 7.771
2957 7.774
2958 7.776
2959 7.778
2960 7.781
2961 7.784
2962 7.786
2963 7.788
2964 7.794
2965 7.793
2966 7.799
2967 7.802
2968 7.801
2969 7.806
2970 7.808
2971 7.809
2972 7.811
2973 7.814
2974 7.816
2975 7.818
2976 7.823
2977 7.824
2978 7.828
2979 7.829
2980 7.832
2981 7.834
2982 7.837
2983 7.840
2984 7.840
2985 7.843
2986 7.845
2987 7.847
2988 7.849
2989 7.849
2990 7.850
2991 7.852
2992 7.852
2993 7.857
2994 7.855
2995 7.857
2996 7.859
2997 7.860
2998 7.864
2999 7.863
3000 7.865
3001 7.865
3002 7.866
3003 7.872
3004 7.870
3005 7.874
3006 7.880
3007 7.884
3008 7.883
3009 7.886
3010 7.887
3011 7.886
3012 7.890
3013 7.891
3014 7.893
3015 7.894
3016 7.896
3017 7.898
3018 7.900
3019 7.903
3020 7.904
3021 7.905
3022 7.908
3023 7.908
3024 7.915
3025 7.914
3026 7.917
3027 7.919
3028 7.920
3029 7.926
3030 7.927
3031 7.927
3032 7.930
3033 7.933
3034 7.932
3035 7.937
3036 7.939
3037 7.943
3038 7.948
3039 7.949
3040 7.952
3041 7.956
3042 7.957
3043 7.960
3044 7.962
3045 7.962
3046 7.965
3047 7.966
3048 7.968
3049 7.972
3050 7.973
3051 7.975
3052 7.981
3053 7.979
3054 7.987
3055 7.987
3056 7.986
3057 7.992
3058 7.992
3059 7.993
3060 7.997
3061 7.997
3062 8.002
3063 8.006
3064 8.009
3065 8.013
3066 8.016
3067 8.020
3068 8.024
3069 8.026
3070 8.026
3071 8.030
3072 8.029
3073 8.030
3074 8.033
3075 8.034
3076 8.037
3077 8.040
3078 8.044
3079 8.046
3080 8.048
3081 8.052
3082 8.053
3083 8.056
3084 8.059
3085 8.062
3086 8.063
3087 8.065
3088 8.066
3089 8.065
3090 8.071
3091 8.075
3092 8.078
3093 8.079
3094 8.083
3095 8.084
3096 8.090
3097 8.093
3098 8.094
3099 8.098
3100 8.099
3101 8.104
3102 8.107
3103 8.108
3104 8.112
3105 8.116
3106 8.118
3107 8.123
3108 8.125
3109 8.127
3110 8.128
3111 8.130
3112 8.134
3113 8.135
3114 8.135
3115 8.137
3116 8.141
3117 8.146
3118 8.144
3119 8.150
3120 8.152
3121 8.154
3122 8.159
3123 8.160
3124 8.163
3125 8.164
3126 8.168
3127 8.170
3128 8.172
3129 8.174
3130 8.175
3131 8.178
3132 8.179
3133 8.182
3134 8.181
3135 8.184
3136 8.183
3137 8.186
3138 8.189
3139 8.187
3140 8.191
3141 8.193
3142 8.193
3143 8.197
3144 8.198
3145 8.201
3146 8.206
3147 8.208
3148 8.211
3149 8.210
3150 8.216
3151 8.219
3152 8.218
3153 8.221
3154 8.223
3155 8.225
3156 8.229
3157 8.232
3158 8.232
3159 8.235
3160 8.239
3161 8.241
3162 8.245
3163 8.247
3164 8.249
3165 8.251
3166 8.255
3167 8.257
3168 8.259
3169 8.263
3170 8.268
3171 8.270
3172 8.273
3173 8.275
3174 8.275
3175 8.278
3176 8.278
3177 8.282
3178 8.286
3179 8.287
3180 8.290
3181 8.293
3182 8.297
3183 8.299
3184 8.301
3185 8.303
3186 8.306
3187 8.307
3188 8.311
3189 8.315
3190 8.312
3191 8.318
3192 8.320
3193 8.318
3194 8.323
3195 8.328
3196 8.328
3197 8.328
3198 8.330
3199 8.331
3200 8.334
3201 8.336
3202 8.340
3203 8.341
3204 8.342
3205 8.346
3206 8.346
3207 8.347
3208 8.351
3209 8.351
3210 8.353
3211 8.356
3212 8.358
3213 8.360
3214 8.363
3215 8.363
3216 8.368
3217 8.369
3218 8.374
3219 8.376
3220 8.379
3221 8.383
3222 8.383
3223 8.388
3224 8.390
3225 8.390
3226 8.394
3227 8.396
3228 8.396
3229 8.399
3230 8.401
3231 8.401
3232 8.401
3233 8.404
3234 8.407
3235 8.409
3236 8.410
3237 8.412
3238 8.414
3239 8.415
3240 8.413
3241 8.416
3242 8.416
3243 8.415
3244 8.419
3245 8.419
3246 8.420
3247 8.421
3248 8.420
3249 8.424
3250 8.425
3251 8.424
3252 8.425
3253 8.428
3254 8.428
3255 8.431
3256 8.435
3257 8.436
3258 8.441
3259 8.441
3260 8.444
3261 8.448
3262 8.447
3263 8.453
3264 8.451
3265 8.453
3266 8.455
3267 8.454
3268 8.456
3269 8.459
3270 8.461
3271 8.464
3272 8.469
3273 8.468
3274 8.466
3275 8.471
3276 8.472
3277 8.470
3278 8.474
3279 8.477
3280 8.475
3281 8.478
3282 8.478
3283 8.480
3284 8.480
3285 8.485
3286 8.483
3287 8.484
3288 8.488
3289 8.489
3290 8.487
3291 8.492
3292 8.493
3293 8.495
3294 8.495
3295 8.498
3296 8.498
3297 8.499
3298 8.504
3299 8.504
3300 8.504
3301 8.504
3302 8.509
3303 8.511
3304 8.512
3305 8.515
3306 8.514
3307 8.518
3308 8.519
3309 8.520
3310 8.520
3311 8.520
3312 8.521
3313 8.521
3314 8.523
3315 8.526
3316 8.528
3317 8.531
3318 8.531
3319 8.533
3320 8.534
3321 8.539
3322 8.539
3323 8.542
3324 8.542
3325 8.545
3326 8.546
3327 8.550
3328 8.552
3329 8.554
3330 8.558
3331 8.558
3332 8.558
3333 8.560
3334 8.563
3335 8.565
3336 8.568
3337 8.569
3338 8.571
3339 8.572
3340 8.573
3341 8.575
3342 8.577
3343 8.578
3344 8.583
3345 8.586
3346 8.586
3347 8.588
3348 8.589
3349 8.592
3350 8.591
3351 8.592
3352 8.595
3353 8.594
3354 8.597
3355 8.596
3356 8.598
3357 8.601
3358 8.600
3359 8.603
3360 8.602
3361 8.606
3362 8.608
3363 8.608
3364 8.610
3365 8.612
3366 8.616
3367 8.619
3368 8.620
3369 8.623
3370 8.624
3371 8.624
3372 8.628
3373 8.629
3374 8.629
3375 8.629
3376 8.630
3377 8.631
3378 8.634
3379 8.636
3380 8.636
3381 8.640
3382 8.639
3383 8.643
3384 8.644
3385 8.647
3386 8.651
3387 8.651
3388 8.653
3389 8.655
3390 8.658
3391 8.655
3392 8.657
3393 8.660
3394 8.660
3395 8.664
3396 8.665
3397 8.667
3398 8.668
3399 8.670
3400 8.671
3401 8.671
3402 8.675
3403 8.675
3404 8.678
3405 8.681
3406 8.684
3407 8.686
3408 8.690
3409 8.693
3410 8.694
3411 8.697
3412 8.698
3413 8.702
3414 8.708
3415 8.708
3416 8.713
3417 8.714
3418 8.716
3419 8.720
3420 8.721
3421 8.722
3422 8.723
3423 8.725
3424 8.730
3425 8.734
3426 8.736
3427 8.739
3428 8.742
3429 8.742
3430 8.746
3431 8.747
3432 8.751
3433 8.752
3434 8.754
3435 8.760
3436 8.761
3437 8.762
3438 8.766
3439 8.769
3440 8.774
3441 8.775
3442 8.777
3443 8.777
3444 8.781
3445 8.783
3446 8.784
3447 8.786
3448 8.788
3449 8.788
3450 8.790
3451 8.789
3452 8.792
3453 8.792
3454 8.792
3455 8.793
3456 8.795
3457 8.796
3458 8.799
3459 8.802
3460 8.805
3461 8.807
3462 8.808
3463 8.810
3464 8.813
3465 8.813
3466 8.819
3467 8.818
3468 8.818
3469 8.822
3470 8.825
3471 8.827
3472 8.829
3473 8.829
3474 8.833
3475 8.834
3476 8.835
3477 8.838
3478 8.839
3479 8.841
3480 8.845
3481 8.844
3482 8.847
3483 8.851
3484 8.851
3485 8.852
3486 8.853
3487 8.853
3488 8.858
3489 8.855
3490 8.857
3491 8.860
3492 8.857
3493 8.858
3494 8.861
3495 8.861
3496 8.864
3497 8.863
3498 8.867
3499 8.867
3500 8.870
3501 8.871
3502 8.874
3503 8.875
3504 8.874
3505 8.875
3506 8.876
3507 8.879
3508 8.879
3509 8.881
3510 8.884
3511 8.882
3512 8.886
3513 8.887
3514 8.885
3515 8.887
3516 8.888
3517 8.892
3518 8.892
3519 8.895
3520 8.896
3521 8.895
3522 8.897
3523 8.901
3524 8.900
3525 8.903
3526 8.905
3527 8.908
3528 8.908
3529 8.910
3530 8.911
3531 8.913
3532 8.913
3533 8.913
3534 8.917
3535 8.918
3536 8.919
3537 8.921
3538 8.923
3539 8.924
3540 8.927
3541 8.928
3542 8.931
3543 8.931
3544 8.933
3545 8.936
3546 8.934
3547 8.936
3548 8.937
3549 8.940
3550 8.940
3551 8.944
3552 8.945
3553 8.946
3554 8.949
3555 8.952
3556 8.954
3557 8.958
3558 8.961
3559 8.964
3560 8.965
3561 8.968
3562 8.968
3563 8.970
3564 8.974
3565 8.974
3566 8.977
3567 8.981
3568 8.981
3569 8.985
3570 8.984
3571 8.986
3572 8.990
3573 8.990
3574 8.993
3575 8.994
3576 8.996
3577 8.999
3578 9.000
3579 9.001
3580 9.004
3581 9.003
3582 9.001
3583 9.006
3584 9.005
3585 9.009
3586 9.011
3587 9.012
3588 9.015
3589 9.016
3590 9.019
3591 9.021
3592 9.024
3593 9.027
3594 9.025
3595 9.027
3596 9.032
3597 9.035
3598 9.033
3599 9.038
3600 9.041
3601 9.041
3602 9.043
3603 9.045
3604 9.048
3605 9.050
3606 9.051
3607 9.055
3608 9.055
3609 9.055
3610 9.060
3611 9.062
3612 9.061
3613 9.064
3614 9.067
3615 9.068
3616 9.069
3617 9.069
3618 9.070
3619 9.071
3620 9.075
3621 9.076
3622 9.078
3623 9.080
3624 9.080
3625 9.083
3626 9.084
3627 9.086
3628 9.088
3629 9.087
3630 9.092
3631 9.093
3632 9.094
3633 9.097
3634 9.098
3635 9.099
3636 9.100
3637 9.105
3638 9.107
3639 9.109
3640 9.114
3641 9.115
3642 9.117
3643 9.119
3644 9.120
3645 9.120
3646 9.123
3647 9.124
3648 9.123
3649 9.126
3650 9.125
3651 9.127
3652 9.131
3653 9.134
3654 9.132
3655 9.135
3656 9.138
3657 9.138
3658 9.142
3659 9.142
3660 9.145
3661 9.146
3662 9.148
3663 9.148
3664 9.150
3665 9.153
3666 9.153
3667 9.153
3668 9.158
3669 9.158
3670 9.159
3671 9.163
3672 9.166
3673 9.167
3674 9.165
3675 9.168
3676 9.169
3677 9.171
3678 9.175
3679 9.176
3680 9.177
3681 9.177
3682 9.178
3683 9.179
3684 9.180
3685 9.182
3686 9.182
3687 9.185
3688 9.187
3689 9.187
3690 9.189
3691 9.191
3692 9.191
3693 9.192
3694 9.195
3695 9.195
3696 9.198
3697 9.197
3698 9.199
3699 9.200
3700 9.201
3701 9.203
3702 9.205
3703 9.206
3704 9.207
3705 9.210
3706 9.210
3707 9.212
3708 9.217
3709 9.216
3710 9.218
3711 9.221
3712 9.219
3713 9.221
3714 9.225
3715 9.225
3716 9.225
3717 9.230
3718 9.229
3719 9.229
3720 9.234
3721 9.233
3722 9.235
3723 9.239
3724 9.241
3725 9.245
3726 9.247
3727 9.245
3728 9.249
3729 9.250
3730 9.251
3731 9.252
3732 9.257
3733 9.257
3734 9.258
3735 9.260
3736 9.260
3737 9.260
3738 9.261
3739 9.263
3740 9.265
3741 9.266
3742 9.269
3743 9.269
3744 9.270
3745 9.274
3746 9.276
3747 9.279
3748 9.281
3749 9.284
3750 9.285
3751 9.286
3752 9.286
3753 9.286
3754 9.289
3755 9.288
3756 9.295
3757 9.295
3758 9.295
3759 9.301
3760 9.304
3761 9.309
3762 9.313
3763 9.313
3764 9.317
3765 9.317
3766 9.317
3767 9.321
3768 9.325
3769 9.327
3770 9.330
3771 9.335
3772 9.334
3773 9.341
3774 9.341
3775 9.346
3776 9.348
3777 9.350
3778 9.353
3779 9.353
3780 9.358
3781 9.360
3782 9.361
3783 9.362
3784 9.365
3785 9.370
3786 9.368
3787 9.373
3788 9.377
3789 9.376
3790 9.383
3791 9.385
3792 9.386
3793 9.391
3794 9.390
3795 9.392
3796 9.393
3797 9.393
3798 9.396
3799 9.396
3800 9.397
3801 9.400
3802 9.401
3803 9.403
3804 9.402
3805 9.406
3806 9.409
3807 9.409
3808 9.413
3809 9.412
3810 9.414
3811 9.418
3812 9.419
3813 9.421
3814 9.422
3815 9.426
3816 9.427
3817 9.429
3818 9.429
3819 9.432
3820 9.434
3821 9.437
3822 9.437
3823 9.439
3824 9.440
3825 9.442
3826 9.444
3827 9.447
3828 9.450
3829 9.452
3830 9.453
3831 9.456
3832 9.454
3833 9.460
3834 9.460
3835 9.463
3836 9.466
3837 9.469
3838 9.472
3839 9.474
3840 9.475
3841 9.478
3842 9.478
3843 9.480
3844 9.482
3845 9.483
3846 9.483
3847 9.486
3848 9.486
3849 9.489
3850 9.490
3851 9.490
3852 9.495
3853 9.495
3854 9.500
3855 9.500
3856 9.505
3857 9.508
3858 9.511
3859 9.514
3860 9.519
3861 9.519
3862 9.522
3863 9.524
3864 9.528
3865 9.525
3866 9.528
3867 9.530
3868 9.532
3869 9.535
3870 9.534
3871 9.537
3872 9.540
3873 9.540
3874 9.542
3875 9.544
3876 9.544
3877 9.545
3878 9.547
3879 9.548
3880 9.550
3881 9.550
3882 9.551
3883 9.554
3884 9.554
3885 9.557
3886 9.556
3887 9.558
3888 9.558
3889 9.561
3890 9.562
3891 9.562
3892 9.565
3893 9.566
3894 9.568
3895 9.569
3896 9.571
3897 9.574
3898 9.575
3899 9.579
3900 9.583
3901 9.584
3902 9.588
3903 9.590
3904 9.592
3905 9.594
3906 9.595
3907 9.599
3908 9.600
3909 9.605
3910 9.606
3911 9.608
3912 9.611
3913 9.612
3914 9.614
3915 9.615
3916 9.620
3917 9.618
3918 9.622
3919 9.626
3920 9.628
3921 9.631
3922 9.633
3923 9.634
3924 9.637
3925 9.639
3926 9.640
3927 9.643
3928 9.647
3929 9.647
3930 9.648
3931 9.650
3932 9.652
3933 9.654
3934 9.658
3935 9.658
3936 9.660
3937 9.661
3938 9.662
3939 9.667
3940 9.667
3941 9.668
3942 9.671
3943 9.671
3944 9.672
3945 9.674
3946 9.677
3947 9.677
3948 9.680
3949 9.684
3950 9.683
3951 9.688
3952 9.688
3953 9.691
3954 9.690
3955 9.693
3956 9.694
3957 9.696
3958 9.697
3959 9.700
3960 9.701
3961 9.704
3962 9.706
3963 9.706
3964 9.709
3965 9.713
3966 9.716
3967 9.718
3968 9.720
3969 9.721
3970 9.725
3971 9.724
3972 9.726
3973 9.728
3974 9.730
3975 9.732
3976 9.733
3977 9.736
3978 9.735
3979 9.737
3980 9.738
3981 9.740
3982 9.740
3983 9.740
3984 9.740
3985 9.740
3986 9.744
3987 9.742
3988 9.743
3989 9.746
3990 9.744
3991 9.747
3992 9.747
3993 9.749
3994 9.752
3995 9.753
3996 9.755
3997 9.757
3998 9.758
3999 9.759
4000 9.759
4001 9.760
4002 9.762
4003 9.764
4004 9.765
4005 9.763
4006 9.765
4007 9.765
4008 9.767
4009 9.769
4010 9.771
4011 9.773
4012 9.772
4013 9.777
4014 9.776
4015 9.778
4016 9.779
4017 9.780
4018 9.783
4019 9.780
4020 9.781
4021 9.781
4022 9.786
4023 9.787
4024 9.787
4025 9.788
4026 9.788
4027 9.791
4028 9.790
4029 9.793
4030 9.794
4031 9.794
4032 9.795
4033 9.796
4034 9.794
4035 9.797
4036 9.798
4037 9.795
4038 9.796
4039 9.795
4040 9.797
4041 9.797
4042 9.800
4043 9.800
4044 9.801
4045 9.803
4046 9.802
4047 9.804
4048 9.808
4049 9.805
4050 9.808
4051 9.809
4052 9.808
4053 9.812
4054 9.813
4055 9.811
4056 9.814
4057 9.814
4058 9.815
4059 9.816
4060 9.818
4061 9.819
4062 9.819
4063 9.822
4064 9.819
4065 9.821
4066 9.823
4067 9.822
4068 9.825
4069 9.822
4070 9.824
4071 9.824
4072 9.822
4073 9.825
4074 9.825
4075 9.827
4076 9.825
4077 9.829
4078 9.831
4079 9.832
4080 9.834
4081 9.837
4082 9.839
4083 9.839
4084 9.841
4085 9.840
4086 9.843
4087 9.846
4088 9.843
4089 9.845
4090 9.846
4091 9.847
4092 9.847
4093 9.847
4094 9.850
4095 9.849
4096 9.852
4097 9.854
4098 9.853
4099 9.853
4100 9.856
4101 9.853
4102 9.857
4103 9.856
4104 9.855
4105 9.855
4106 9.855
4107 9.856
4108 9.856
4109 9.855
4110 9.854
4111 9.858
4112 9.857
4113 9.858
4114 9.860
4115 9.862
4116 9.860
4117 9.864
4118 9.868
4119 9.865
4120 9.869
4121 9.870
4122 9.870
4123 9.869
4124 9.874
4125 9.871
4126 9.875
4127 9.875
4128 9.876
4129 9.874
4130 9.876
4131 9.876
4132 9.876
4133 9.875
4134 9.876
4135 9.876
4136 9.875
4137 9.877
4138 9.879
4139 9.881
4140 9.883
4141 9.885
4142 9.885
4143 9.886
4144 9.888
4145 9.889
4146 9.890
4147 9.892
4148 9.892
4149 9.895
4150 9.895
4151 9.893
4152 9.895
4153 9.899
4154 9.897
4155 9.899
4156 9.901
4157 9.901
4158 9.903
4159 9.906
4160 9.903
4161 9.904
4162 9.906
4163 9.906
4164 9.908
4165 9.908
4166 9.907
4167 9.909
4168 9.909
4169 9.909
4170 9.913
4171 9.912
4172 9.912
4173 9.913
4174 9.914
4175 9.914
4176 9.913
4177 9.916
4178 9.916
4179 9.915
4180 9.916
4181 9.917
4182 9.917
4183 9.916
4184 9.915
4185 9.916
4186 9.916
4187 9.916
4188 9.917
4189 9.918
4190 9.917
4191 9.918
4192 9.916
4193 9.916
4194 9.916
4195 9.918
4196 9.918
4197 9.920
4198 9.919
4199 9.919
4200 9.921
4201 9.921
4202 9.922
4203 9.923
4204 9.922
4205 9.923
4206 9.926
4207 9.929
4208 9.928
4209 9.932
4210 9.934
4211 9.933
4212 9.936
4213 9.938
4214 9.940
4215 9.939
4216 9.941
4217 9.942
4218 9.942
4219 9.946
4220 9.945
4221 9.946
4222 9.947
4223 9.948
4224 9.951
4225 9.951
4226 9.948
4227 9.949
4228 9.953
4229 9.953
4230 9.954
4231 9.954
4232 9.953
4233 9.955
4234 9.957
4235 9.959
4236 9.957
4237 9.960
4238 9.962
4239 9.961
4240 9.964
4241 9.965
4242 9.966
4243 9.967
4244 9.968
4245 9.971
4246 9.971
4247 9.972
4248 9.972
4249 9.974
4250 9.974
4251 9.976
4252 9.978
4253 9.981
4254 9.983
4255 9.982
4256 9.984
4257 9.984
4258 9.986
4259 9.989
4260 9.990
4261 9.994
4262 9.996
4263 9.998
4264 10.001
4265 10.002
4266 10.007
4267 10.009
4268 10.007
4269 10.011
4270 10.014
4271 10.015
4272 10.017
4273 10.019
4274 10.021
4275 10.023
4276 10.025
4277 10.027
4278 10.028
4279 10.030
4280 10.033
4281 10.031
4282 10.034
4283 10.039
4284 10.039
4285 10.042
4286 10.046
4287 10.047
4288 10.050
4289 10.052
4290 10.053
4291 10.056
4292 10.058
4293 10.057
4294 10.060
4295 10.061
4296 10.062
4297 10.063
4298 10.066
4299 10.067
4300 10.066
4301 10.072
4302 10.071
4303 10.071
4304 10.074
4305 10.076
4306 10.077
4307 10.078
4308 10.079
4309 10.079
4310 10.082
4311 10.081
4312 10.083
4313 10.083
4314 10.081
4315 10.079
4316 10.081
4317 10.083
4318 10.080
4319 10.082
4320 10.082
4321 10.083
4322 10.084
4323 10.083
4324 10.087
4325 10.087
4326 10.089
4327 10.092
4328 10.094
4329 10.097
4330 10.099
4331 10.101
4332 10.101
4333 10.101
4334 10.102
4335 10.103
4336 10.105
4337 10.105
4338 10.104
4339 10.109
4340 10.108
4341 10.111
4342 10.112
4343 10.115
4344 10.115
4345 10.119
4346 10.118
4347 10.117
4348 10.122
4349 10.121
4350 10.123
4351 10.123
4352 10.126
4353 10.127
4354 10.127
4355 10.130
4356 10.128
4357 10.131
4358 10.132
4359 10.129
4360 10.134
4361 10.133
4362 10.134
4363 10.137
4364 10.136
4365 10.136
4366 10.136
4367 10.137
4368 10.136
4369 10.138
4370 10.138
4371 10.138
4372 10.140
4373 10.137
4374 10.138
4375 10.137
4376 10.136
4377 10.138
4378 10.140
4379 10.140
4380 10.143
4381 10.144
4382 10.143
4383 10.142
4384 10.144
4385 10.144
4386 10.142
4387 10.142
4388 10.141
4389 10.143
4390 10.143
4391 10.140
4392 10.146
4393 10.144
4394 10.144
4395 10.146
4396 10.144
4397 10.143
4398 10.144
4399 10.144
4400 10.144
4401 10.146
4402 10.142
4403 10.144
4404 10.145
4405 10.143
4406 10.145
4407 10.146
4408 10.145
4409 10.146
4410 10.149
4411 10.148
4412 10.148
4413 10.148
4414 10.147
4415 10.148
4416 10.149
4417 10.147
4418 10.149
4419 10.150
4420 10.149
4421 10.150
4422 10.148
4423 10.151
4424 10.152
4425 10.155
4426 10.153
4427 10.156
4428 10.154
4429 10.156
4430 10.158
4431 10.158
4432 10.158
4433 10.161
4434 10.161
4435 10.160
4436 10.164
4437 10.165
4438 10.166
4439 10.167
4440 10.170
4441 10.172
4442 10.173
4443 10.173
4444 10.174
4445 10.174
4446 10.175
4447 10.175
4448 10.178
4449 10.178
4450 10.180
4451 10.180
4452 10.181
4453 10.184
4454 10.183
4455 10.185
4456 10.189
4457 10.189
4458 10.192
4459 10.190
4460 10.192
4461 10.194
4462 10.195
4463 10.195
4464 10.193
4465 10.196
4466 10.200
4467 10.198
4468 10.202
4469 10.200
4470 10.202
4471 10.206
4472 10.204
4473 10.206
4474 10.207
4475 10.208
4476 10.210
4477 10.212
4478 10.213
4479 10.216
4480 10.214
4481 10.216
4482 10.217
4483 10.217
4484 10.220
4485 10.220
4486 10.221
4487 10.221
4488 10.220
4489 10.220
4490 10.222
4491 10.222
4492 10.224
4493 10.224
4494 10.224
4495 10.223
4496 10.223
4497 10.223
4498 10.224
4499 10.223
4500 10.224
4501 10.225
4502 10.225
4503 10.228
4504 10.230
4505 10.229
4506 10.233
4507 10.232
4508 10.232
4509 10.231
4510 10.234
4511 10.234
4512 10.236
4513 10.236
4514 10.236
4515 10.238
4516 10.238
4517 10.243
4518 10.242
4519 10.244
4520 10.247
4521 10.246
4522 10.251
4523 10.251
4524 10.253
4525 10.256
4526 10.259
4527 10.263
4528 10.265
4529 10.265
4530 10.265
4531 10.267
4532 10.270
4533 10.269
4534 10.272
4535 10.273
4536 10.271
4537 10.275
4538 10.274
4539 10.279
4540 10.280
4541 10.281
4542 10.282
4543 10.283
4544 10.285
4545 10.288
4546 10.287
4547 10.288
4548 10.289
4549 10.288
4550 10.288
4551 10.291
4552 10.289
4553 10.291
4554 10.293
4555 10.294
4556 10.299
4557 10.298
4558 10.299
4559 10.300
4560 10.300
4561 10.301
4562 10.304
4563 10.304
4564 10.306
4565 10.304
4566 10.309
4567 10.312
4568 10.310
4569 10.313
4570 10.313
4571 10.314
4572 10.313
4573 10.313
4574 10.309
4575 10.311
4576 10.312
4577 10.313
4578 10.314
4579 10.314
4580 10.315
4581 10.318
4582 10.318
4583 10.321
4584 10.322
4585 10.322
4586 10.323
4587 10.324
4588 10.324
4589 10.325
4590 10.329
4591 10.330
4592 10.331
4593 10.332
4594 10.334
4595 10.336
4596 10.336
4597 10.336
4598 10.336
4599 10.337
4600 10.339
4601 10.340
4602 10.341
4603 10.342
4604 10.343
4605 10.346
4606 10.344
4607 10.350
4608 10.349
4609 10.349
4610 10.351
4611 10.352
4612 10.353
4613 10.356
4614 10.355
4615 10.357
4616 10.360
4617 10.362
4618 10.364
4619 10.365
4620 10.369
4621 10.369
4622 10.370
4623 10.376
4624 10.377
4625 10.378
4626 10.381
4627 10.384
4628 10.383
4629 10.383
4630 10.388
4631 10.385
4632 10.388
4633 10.389
4634 10.390
4635 10.393
4636 10.395
4637 10.396
4638 10.397
4639 10.398
4640 10.402
4641 10.404
4642 10.404
4643 10.408
4644 10.411
4645 10.407
4646 10.409
4647 10.412
4648 10.412
4649 10.416
4650 10.418
4651 10.419
4652 10.421
4653 10.421
4654 10.426
4655 10.426
4656 10.426
4657 10.428
4658 10.431
4659 10.429
4660 10.435
4661 10.434
4662 10.436
4663 10.439
4664 10.441
4665 10.444
4666 10.446
4667 10.449
4668 10.450
4669 10.455
4670 10.457
4671 10.456
4672 10.461
4673 10.462
4674 10.459
4675 10.464
4676 10.468
4677 10.466
4678 10.467
4679 10.471
4680 10.472
4681 10.473
4682 10.474
4683 10.475
4684 10.476
4685 10.474
4686 10.477
4687 10.479
4688 10.479
4689 10.481
4690 10.482
4691 10.483
4692 10.486
4693 10.483
4694 10.484
4695 10.486
4696 10.484
4697 10.486
4698 10.490
4699 10.490
4700 10.494
4701 10.493
4702 10.494
4703 10.494
4704 10.495
4705 10.496
4706 10.497
4707 10.499
4708 10.499
4709 10.498
4710 10.503
4711 10.503
4712 10.503
4713 10.507
4714 10.510
4715 10.510
4716 10.514
4717 10.516
4718 10.522
4719 10.526
4720 10.523
4721 10.529
4722 10.529
4723 10.530
4724 10.532
4725 10.534
4726 10.538
4727 10.538
4728 10.538
4729 10.541
4730 10.541
4731 10.546
4732 10.547
4733 10.548
4734 10.550
4735 10.552
4736 10.553
4737 10.554
4738 10.557
4739 10.557
4740 10.560
4741 10.563
4742 10.563
4743 10.566
4744 10.567
4745 10.567
4746 10.571
4747 10.574
4748 10.575
4749 10.578
4750 10.578
4751 10.581
4752 10.584
4753 10.584
4754 10.587
4755 10.589
4756 10.592
4757 10.592
4758 10.594
4759 10.599
4760 10.598
4761 10.600
4762 10.602
4763 10.605
4764 10.607
4765 10.606
4766 10.610
4767 10.613
4768 10.615
4769 10.616
4770 10.619
4771 10.620
4772 10.621
4773 10.624
4774 10.626
4775 10.627
4776 10.628
4777 10.632
4778 10.635
4779 10.636
4780 10.639
4781 10.640
4782 10.643
4783 10.645
4784 10.647
4785 10.650
4786 10.652
4787 10.653
4788 10.655
4789 10.657
4790 10.657
4791 10.662
4792 10.661
4793 10.665
4794 10.670
4795 10.669
4796 10.673
4797 10.674
4798 10.678
4799 10.680
4800 10.679
4801 10.687
4802 10.687
4803 10.690
4804 10.694
4805 10.695
4806 10.698
4807 10.700
4808 10.700
4809 10.702
4810 10.706
4811 10.706
4812 10.709
4813 10.709
4814 10.714
4815 10.715
4816 10.715
4817 10.717
4818 10.717
4819 10.717
4820 10.721
4821 10.722
4822 10.723
4823 10.728
4824 10.729
4825 10.731
4826 10.731
4827 10.732
4828 10.733
4829 10.736
4830 10.738
4831 10.737
4832 10.738
4833 10.738
4834 10.740
4835 10.743
4836 10.744
4837 10.745
4838 10.747
4839 10.748
4840 10.749
4841 10.751
4842 10.754
4843 10.753
4844 10.755
4845 10.755
4846 10.757
4847 10.757
4848 10.756
4849 10.758
4850 10.760
4851 10.759
4852 10.762
4853 10.764
4854 10.766
4855 10.766
4856 10.767
4857 10.770
4858 10.770
4859 10.772
4860 10.774
4861 10.779
4862 10.775
4863 10.777
4864 10.780
4865 10.780
4866 10.783
4867 10.786
4868 10.783
4869 10.786
4870 10.785
4871 10.787
4872 10.787
4873 10.788
4874 10.791
4875 10.794
4876 10.795
4877 10.797
4878 10.798
4879 10.800
4880 10.802
4881 10.803
4882 10.803
4883 10.804
4884 10.807
4885 10.808
4886 10.808
4887 10.809
4888 10.809
4889 10.811
4890 10.812
4891 10.814
4892 10.818
4893 10.817
4894 10.818
4895 10.820
4896 10.819
4897 10.822
4898 10.822
4899 10.822
4900 10.822
4901 10.821
4902 10.820
4903 10.823
4904 10.823
4905 10.824
4906 10.828
4907 10.828
4908 10.827
4909 10.829
4910 10.831
4911 10.834
4912 10.837
4913 10.835
4914 10.836
4915 10.842
4916 10.838
4917 10.841
4918 10.844
4919 10.842
4920 10.844
4921 10.845
4922 10.846
4923 10.848
4924 10.851
4925 10.850
4926 10.853
4927 10.854
4928 10.856
4929 10.855
4930 10.859
4931 10.859
4932 10.861
4933 10.862
4934 10.863
4935 10.867
4936 10.867
4937 10.869
4938 10.871
4939 10.874
4940 10.875
4941 10.873
4942 10.877
4943 10.875
4944 10.878
4945 10.881
4946 10.880
4947 10.882
4948 10.884
4949 10.884
4950 10.885
4951 10.888
4952 10.890
4953 10.890
4954 10.891
4955 10.894
4956 10.893
4957 10.894
4958 10.897
4959 10.897
4960 10.899
4961 10.903
4962 10.901
4963 10.905
4964 10.907
4965 10.906
4966 10.908
4967 10.912
4968 10.914
4969 10.917
4970 10.920
4971 10.922
4972 10.923
4973 10.926
4974 10.927
4975 10.928
4976 10.930
4977 10.932
4978 10.934
4979 10.936
4980 10.938
4981 10.941
4982 10.941
4983 10.943
4984 10.944
4985 10.948
4986 10.950
4987 10.950
4988 10.954
4989 10.955
4990 10.956
4991 10.959
4992 10.960
4993 10.962
4994 10.962
4995 10.965
4996 10.969
4997 10.968
4998 10.969
4999 10.973
5000 10.973
5001 10.978
5002 10.976
5003 10.980
5004 10.982
5005 10.982
5006 10.984
5007 10.985
5008 10.987
5009 10.990
5010 10.990
5011 10.991
5012 10.995
5013 10.993
5014 10.996
5015 10.997
5016 10.997
5017 10.997
5018 11.000
5019 11.000
5020 11.003
5021 11.005
5022 11.007
5023 11.006
5024 11.009
5025 11.010
5026 11.011
5027 11.014
5028 11.015
5029 11.017
5030 11.019
5031 11.019
5032 11.020
5033 11.022
5034 11.023
5035 11.025
5036 11.026
5037 11.031
5038 11.030
5039 11.035
5040 11.035
5041 11.038
5042 11.040
5043 11.039
5044 11.041
5045 11.045
5046 11.044
5047 11.049
5048 11.050
5049 11.052
5050 11.056
5051 11.060
5052 11.058
5053 11.062
5054 11.065
5055 11.065
5056 11.071
5057 11.073
5058 11.073
5059 11.078
5060 11.079
5061 11.085
5062 11.084
5063 11.086
5064 11.090
5065 11.093
5066 11.094
5067 11.097
5068 11.098
5069 11.101
5070 11.102
5071 11.106
5072 11.111
5073 11.113
5074 11.117
5075 11.120
5076 11.122
5077 11.127
5078 11.125
5079 11.129
5080 11.134
5081 11.133
5082 11.139
5083 11.141
5084 11.145
5085 11.149
5086 11.148
5087 11.153
5088 11.154
5089 11.156
5090 11.158
5091 11.160
5092 11.162
5093 11.163
5094 11.166
5095 11.168
5096 11.172
5097 11.174
5098 11.173
5099 11.175
5100 11.176
5101 11.178
5102 11.182
5103 11.183
5104 11.184
5105 11.187
5106 11.189
5107 11.189
5108 11.189
5109 11.191
5110 11.192
5111 11.193
5112 11.194
5113 11.196
5114 11.199
5115 11.202
5116 11.202
5117 11.205
5118 11.206
5119 11.207
5120 11.208
5121 11.209
5122 11.208
5123 11.213
5124 11.214
5125 11.213
5126 11.218
5127 11.219
5128 11.220
5129 11.224
5130 11.225
5131 11.226
5132 11.227
5133 11.226
5134 11.229
5135 11.230
5136 11.230
5137 11.233
5138 11.232
5139 11.234
5140 11.237
5141 11.234
5142 11.236
5143 11.240
5144 11.239
5145 11.241
5146 11.243
5147 11.245
5148 11.246
5149 11.248
5150 11.250
5151 11.250
5152 11.250
5153 11.251
5154 11.254
5155 11.257
5156 11.257
5157 11.260
5158 11.261
5159 11.262
5160 11.266
5161 11.266
5162 11.266
5163 11.266
5164 11.269
5165 11.271
5166 11.272
5167 11.274
5168 11.274
5169 11.277
5170 11.279
5171 11.279
5172 11.280
5173 11.282
5174 11.284
5175 11.286
5176 11.288
5177 11.288
5178 11.291
5179 11.291
5180 11.296
5181 11.296
5182 11.296
5183 11.301
5184 11.300
5185 11.304
5186 11.303
5187 11.304
5188 11.309
5189 11.309
5190 11.310
5191 11.313
5192 11.312
5193 11.316
5194 11.318
5195 11.318
5196 11.317
5197 11.318
5198 11.321
5199 11.322
5200 11.319
5201 11.323
5202 11.325
5203 11.325
5204 11.329
5205 11.328
5206 11.332
5207 11.334
5208 11.333
5209 11.334
5210 11.334
5211 11.337
5212 11.339
5213 11.338
5214 11.338
5215 11.338
5216 11.341
5217 11.339
5218 11.342
5219 11.344
5220 11.342
5221 11.344
5222 11.344
5223 11.346
5224 11.346
5225 11.347
5226 11.349
5227 11.349
5228 11.350
5229 11.349
5230 11.354
5231 11.357
5232 11.357
5233 11.362
5234 11.363
5235 11.365
5236 11.368
5237 11.371
5238 11.372
5239 11.376
5240 11.380
5241 11.379
5242 11.384
5243 11.383
5244 11.382
5245 11.384
5246 11.386
5247 11.387
5248 11.389
5249 11.391
5250 11.393
5251 11.394
5252 11.393
5253 11.397
5254 11.398
5255 11.401
5256 11.400
5257 11.404
5258 11.407
5259 11.406
5260 11.409
5261 11.413
5262 11.413
5263 11.416
5264 11.420
5265 11.420
5266 11.422
5267 11.423
5268 11.424
5269 11.424
5270 11.427
5271 11.429
5272 11.430
5273 11.435
5274 11.434
5275 11.435
5276 11.440
5277 11.440
5278 11.441
5279 11.439
5280 11.440
5281 11.444
5282 11.444
5283 11.444
5284 11.445
5285 11.445
5286 11.448
5287 11.452
5288 11.453
5289 11.458
5290 11.458
5291 11.462
5292 11.461
5293 11.460
5294 11.460
5295 11.462
5296 11.462
5297 11.465
5298 11.465
5299 11.469
5300 11.469
5301 11.469
5302 11.472
5303 11.475
5304 11.474
5305 11.478
5306 11.482
5307 11.479
5308 11.482
5309 11.482
5310 11.483
5311 11.484
5312 11.485
5313 11.486
5314 11.485
5315 11.488
5316 11.491
5317 11.491
5318 11.493
5319 11.498
5320 11.497
5321 11.500
5322 11.503
5323 11.507
5324 11.509
5325 11.510
5326 11.514
5327 11.514
5328 11.520
5329 11.520
5330 11.520
5331 11.524
5332 11.527
5333 11.527
5334 11.530
5335 11.531
5336 11.533
5337 11.536
5338 11.538
5339 11.540
5340 11.543
5341 11.543
5342 11.547
5343 11.548
5344 11.551
5345 11.553
5346 11.556
5347 11.558
5348 11.561
5349 11.562
5350 11.564
5351 11.566
5352 11.568
5353 11.570
5354 11.573
5355 11.574
5356 11.575
5357 11.579
5358 11.579
5359 11.579
5360 11.580
5361 11.580
5362 11.580
5363 11.582
5364 11.584
5365 11.586
5366 11.589
5367 11.588
5368 11.592
5369 11.596
5370 11.598
5371 11.600
5372 11.601
5373 11.602
5374 11.605
5375 11.607
5376 11.609
5377 11.615
5378 11.615
5379 11.617
5380 11.623
5381 11.622
5382 11.624
5383 11.630
5384 11.630
5385 11.633
5386 11.635
5387 11.639
5388 11.644
5389 11.644
5390 11.651
5391 11.652
5392 11.654
5393 11.657
5394 11.661
5395 11.660
5396 11.662
5397 11.667
5398 11.668
5399 11.669
5400 11.671
5401 11.672
5402 11.674
5403 11.677
5404 11.680
5405 11.678
5406 11.681
5407 11.682
5408 11.686
5409 11.686
5410 11.690
5411 11.691
5412 11.694
5413 11.693
5414 11.695
5415 11.697
5416 11.697
5417 11.701
5418 11.704
5419 11.704
5420 11.708
5421 11.710
5422 11.714
5423 11.714
5424 11.718
5425 11.720
5426 11.720
5427 11.722
5428 11.723
5429 11.727
5430 11.725
5431 11.726
5432 11.724
5433 11.727
5434 11.726
5435 11.727
5436 11.728
5437 11.731
5438 11.731
5439 11.732
5440 11.734
5441 11.738
5442 11.735
5443 11.736
5444 11.739
5445 11.739
5446 11.741
5447 11.741
5448 11.747
5449 11.748
5450 11.749
5451 11.752
5452 11.755
5453 11.757
5454 11.757
5455 11.761
5456 11.760
5457 11.761
5458 11.764
5459 11.763
5460 11.766
5461 11.767
5462 11.771
5463 11.774
5464 11.776
5465 11.777
5466 11.775
5467 11.780
5468 11.781
5469 11.780
5470 11.782
5471 11.783
5472 11.788
5473 11.788
5474 11.791
5475 11.794
5476 11.796
5477 11.800
5478 11.801
5479 11.804
5480 11.808
5481 11.808
5482 11.812
5483 11.814
5484 11.814
5485 11.815
5486 11.820
5487 11.820
5488 11.821
5489 11.827
5490 11.826
5491 11.829
5492 11.831
5493 11.834
5494 11.835
5495 11.839
5496 11.842
5497 11.843
5498 11.845
5499 11.847
5500 11.851
5501 11.852
5502 11.853
5503 11.856
5504 11.858
5505 11.862
5506 11.864
5507 11.866
5508 11.872
5509 11.872
5510 11.876
5511 11.879
5512 11.880
5513 11.881
5514 11.885
5515 11.886
5516 11.887
5517 11.889
5518 11.889
5519 11.892
5520 11.893
5521 11.898
5522 11.897
5523 11.898
5524 11.901
5525 11.899
5526 11.903
5527 11.907
5528 11.907
5529 11.909
5530 11.913
5531 11.914
5532 11.916
5533 11.920
5534 11.919
5535 11.921
5536 11.923
5537 11.927
5538 11.929
5539 11.933
5540 11.935
5541 11.936
5542 11.939
5543 11.939
5544 11.941
5545 11.944
5546 11.946
5547 11.950
5548 11.947
5549 11.951
5550 11.952
5551 11.956
5552 11.959
5553 11.960
5554 11.961
5555 11.964
5556 11.965
5557 11.967
5558 11.971
5559 11.972
5560 11.973
5561 11.974
5562 11.979
5563 11.982
5564 11.977
5565 11.983
5566 11.984
5567 11.985
5568 11.987
5569 11.988
5570 11.987
5571 11.990
5572 11.992
5573 11.995
5574 11.997
5575 11.996
5576 12.000
5577 12.001
5578 12.005
5579 12.006
5580 12.010
5581 12.012
5582 12.015
5583 12.017
5584 12.021
5585 12.022
5586 12.022
5587 12.026
5588 12.028
5589 12.033
5590 12.032
5591 12.034
5592 12.038
5593 12.039
5594 12.039
5595 12.042
5596 12.047
5597 12.048
5598 12.051
5599 12.057
5600 12.057
5601 12.055
5602 12.062
5603 12.063
5604 12.064
5605 12.064
5606 12.068
5607 12.068
5608 12.069
5609 12.072
5610 12.073
5611 12.075
5612 12.075
5613 12.083
5614 12.083
5615 12.082
5616 12.084
5617 12.088
5618 12.091
5619 12.093
5620 12.096
5621 12.096
5622 12.099
5623 12.102
5624 12.104
5625 12.108
5626 12.111
5627 12.112
5628 12.116
5629 12.117
5630 12.119
5631 12.122
5632 12.123
5633 12.125
5634 12.127
5635 12.130
5636 12.133
5637 12.135
5638 12.133
5639 12.137
5640 12.140
5641 12.141
5642 12.144
5643 12.145
5644 12.142
5645 12.149
5646 12.149
5647 12.149
5648 12.153
5649 12.153
5650 12.155
5651 12.161
5652 12.160
5653 12.161
5654 12.165
5655 12.165
5656 12.165
5657 12.167
5658 12.165
5659 12.169
5660 12.170
5661 12.172
5662 12.175
5663 12.176
5664 12.178
5665 12.179
5666 12.182
5667 12.186
5668 12.187
5669 12.190
5670 12.190
5671 12.193
5672 12.193
5673 12.196
5674 12.200
5675 12.205
5676 12.206
5677 12.208
5678 12.211
5679 12.212
5680 12.220
5681 12.218
5682 12.220
5683 12.225
5684 12.225
5685 12.231
5686 12.234
5687 12.237
5688 12.237
5689 12.239
5690 12.241
5691 12.242
5692 12.242
5693 12.245
5694 12.246
5695 12.244
5696 12.248
5697 12.249
5698 12.247
5699 12.250
5700 12.251
5701 12.250
5702 12.252
5703 12.255
5704 12.255
5705 12.257
5706 12.260
5707 12.259
5708 12.261
5709 12.263
5710 12.262
5711 12.268
5712 12.269
5713 12.270
5714 12.274
5715 12.273
5716 12.276
5717 12.278
5718 12.280
5719 12.280
5720 12.282
5721 12.286
5722 12.289
5723 12.289
5724 12.293
5725 12.296
5726 12.294
5727 12.299
5728 12.299
5729 12.299
5730 12.301
5731 12.303
5732 12.304
5733 12.306
5734 12.308
5735 12.309
5736 12.313
5737 12.315
5738 12.316
5739 12.318
5740 12.318
5741 12.325
5742 12.324
5743 12.324
5744 12.328
5745 12.332
5746 12.333
5747 12.334
5748 12.335
5749 12.338
5750 12.340
5751 12.341
5752 12.343
5753 12.344
5754 12.345
5755 12.345
5756 12.348
5757 12.351
5758 12.353
5759 12.355
5760 12.358
5761 12.360
5762 12.362
5763 12.363
5764 12.365
5765 12.366
5766 12.369
5767 12.373
5768 12.374
5769 12.375
5770 12.380
5771 12.381
5772 12.383
5773 12.387
5774 12.390
5775 12.392
5776 12.395
5777 12.398
5778 12.400
5779 12.404
5780 12.405
5781 12.407
5782 12.408
5783 12.409
5784 12.410
5785 12.413
5786 12.414
5787 12.416
5788 12.420
5789 12.419
5790 12.422
5791 12.424
5792 12.426
5793 12.430
5794 12.432
5795 12.432
5796 12.437
5797 12.438
5798 12.443
5799 12.446
5800 12.448
5801 12.450
5802 12.454
5803 12.453
5804 12.457
5805 12.462
5806 12.462
5807 12.465
5808 12.469
5809 12.471
5810 12.475
5811 12.478
5812 12.483
5813 12.487
5814 12.490
5815 12.491
5816 12.491
5817 12.495
5818 12.497
5819 12.501
5820 12.503
5821 12.506
5822 12.508
5823 12.511
5824 12.513
5825 12.512
5826 12.515
5827 12.522
5828 12.522
5829 12.525
5830 12.528
5831 12.532
5832 12.535
5833 12.539
5834 12.542
5835 12.546
5836 12.548
5837 12.550
5838 12.554
5839 12.554
5840 12.558
5841 12.561
5842 12.560
5843 12.564
5844 12.564
5845 12.567
5846 12.571
5847 12.573
5848 12.577
5849 12.583
5850 12.586
5851 12.587
5852 12.590
5853 12.594
5854 12.598
5855 12.600
5856 12.604
5857 12.603
5858 12.607
5859 12.612
5860 12.612
5861 12.614
5862 12.620
5863 12.623
5864 12.623
5865 12.629
5866 12.630
5867 12.630
5868 12.633
5869 12.637
5870 12.638
5871 12.640
5872 12.647
5873 12.647
5874 12.648
5875 12.653
5876 12.656
5877 12.658
5878 12.663
5879 12.665
5880 12.667
5881 12.669
5882 12.670
5883 12.673
5884 12.673
5885 12.676
5886 12.677
5887 12.681
5888 12.685
5889 12.685
5890 12.685
5891 12.690
5892 12.694
5893 12.694
5894 12.697
5895 12.700
5896 12.703
5897 12.706
5898 12.706
5899 12.711
5900 12.711
5901 12.715
5902 12.718
5903 12.720
5904 12.720
5905 12.726
5906 12.730
5907 12.729
5908 12.734
5909 12.734
5910 12.736
5911 12.739
5912 12.741
5913 12.742
5914 12.743
5915 12.744
5916 12.747
5917 12.747
5918 12.749
5919 12.749
5920 12.753
5921 12.755
5922 12.756
5923 12.756
5924 12.758
5925 12.760
5926 12.760
5927 12.763
5928 12.763
5929 12.764
5930 12.764
5931 12.763
5932 12.765
5933 12.768
5934 12.770
5935 12.768
5936 12.771
5937 12.774
5938 12.773
5939 12.776
5940 12.776
5941 12.779
5942 12.781
5943 12.780
5944 12.784
5945 12.784
5946 12.783
5947 12.785
5948 12.785
5949 12.785
5950 12.790
5951 12.790
5952 12.792
5953 12.794
5954 12.794
5955 12.795
5956 12.797
5957 12.796
5958 12.800
5959 12.800
5960 12.802
5961 12.807
5962 12.808
5963 12.811
5964 12.812
5965 12.814
5966 12.815
5967 12.815
5968 12.818
5969 12.821
5970 12.821
5971 12.825
5972 12.826
5973 12.830
5974 12.833
5975 12.835
5976 12.836
5977 12.838
5978 12.843
5979 12.844
5980 12.847
5981 12.847
5982 12.850
5983 12.850
5984 12.854
5985 12.855
5986 12.858
5987 12.859
5988 12.861
5989 12.861
5990 12.863
5991 12.864
5992 12.864
5993 12.867
5994 12.869
5995 12.870
5996 12.874
5997 12.874
5998 12.879
5999 12.879
