0 0.000
1 0.055
2 0.132
3 0.211
4 0.287
5 0.357
6 0.423
7 0.484
8 0.543
9 0.601
10 0.656
11 0.711
12 0.766
13 0.821
14 0.875
15 0.928
16 0.982
17 1.034
18 1.087
19 1.139
20 1.191
21 1.243
22 1.295
23 1.347
24 1.398
25 1.449
26 1.501
27 1.552
28 1.603
29 1.654
30 1.705
31 1.756
32 1.807
33 1.858
34 1.908
35 1.959
36 2.010
37 2.061
38 2.112
39 2.163
40 2.214
41 2.265
42 2.316
43 2.367
44 2.418
45 2.469
46 2.519
47 2.569
48 2.619
49 2.668
50 2.718
51 2.767
52 2.816
53 2.866
54 2.915
55 2.964
56 3.013
57 3.062
58 3.111
59 3.160
60 3.210
61 3.260
62 3.310
63 3.360
64 3.410
65 3.461
66 3.511
67 3.561
68 3.612
69 3.662
70 3.712
71 3.763
72 3.814
73 3.865
74 3.917
75 3.968
76 4.020
77 4.071
78 4.122
79 4.173
80 4.225
81 4.276
82 4.328
83 4.379
84 4.431
85 4.482
86 4.533
87 4.583
88 4.634
89 4.684
90 4.734
91 4.784
92 4.834
93 4.883
94 4.933
95 4.982
96 5.031
97 5.081
98 5.130
99 5.180
100 5.229
101 5.279
102 5.329
103 5.379
104 5.429
105 5.479
106 5.530
107 5.581
108 5.632
109 5.682
110 5.733
111 5.784
112 5.834
113 5.884
114 5.933
115 5.983
116 6.032
117 6.081
118 6.131
119 6.180
120 6.229
121 6.279
122 6.329
123 6.379
124 6.430
125 6.481
126 6.532
127 6.583
128 6.634
129 6.686
130 6.737
131 6.788
132 6.839
133 6.890
134 6.941
135 6.991
136 7.041
137 7.091
138 7.142
139 7.192
140 7.241
141 7.291
142 7.341
143 7.391
144 7.442
145 7.492
146 7.543
147 7.594
148 7.645
149 7.696
150 7.747
151 7.798
152 7.849
153 7.900
154 7.950
155 8.001
156 8.051
157 8.101
158 8.152
159 8.202
160 8.252
161 8.302
162 8.352
163 8.402
164 8.452
165 8.502
166 8.552
167 8.602
168 8.652
169 8.702
170 8.752
171 8.802
172 8.852
173 8.902
174 8.952
175 9.001
176 9.051
177 9.100
178 9.149
179 9.199
180 9.248
181 9.297
182 9.347
183 9.396
184 9.445
185 9.495
186 9.544
187 9.594
188 9.643
189 9.692
190 9.741
191 9.790
192 9.839
193 9.888
194 9.937
195 9.985
196 10.034
197 10.082
198 10.130
199 10.178
200 10.227
201 10.275
202 10.324
203 10.373
204 10.422
205 10.471
206 10.520
207 10.569
208 10.618
209 10.666
210 10.715
211 10.763
212 10.810
213 10.858
214 10.906
215 10.953
216 11.001
217 11.048
218 11.096
219 11.144
220 11.192
221 11.241
222 11.289
223 11.337
224 11.386
225 11.435
226 11.483
227 11.531
228 11.579
229 11.627
230 11.675
231 11.724
232 11.772
233 11.820
234 11.869
235 11.917
236 11.966
237 12.015
238 12.063
239 12.111
240 12.160
241 12.209
242 12.259
243 12.308
244 12.358
245 12.407
246 12.456
247 12.506
248 12.555
249 12.605
250 12.654
251 12.703
252 12.752
253 12.801
254 12.850
255 12.899
256 12.949
257 12.998
258 13.047
259 13.096
260 13.145
261 13.194
262 13.243
263 13.293
264 13.342
265 13.391
266 13.440
267 13.489
268 13.537
269 13.586
270 13.634
271 13.682
272 13.731
273 13.779
274 13.828
275 13.877
276 13.926
277 13.975
278 14.023
279 14.072
280 14.121
281 14.169
282 14.218
283 14.267
284 14.315
285 14.364
286 14.413
287 14.461
288 14.509
289 14.558
290 14.606
291 14.654
292 14.702
293 14.751
294 14.799
295 14.847
296 14.895
297 14.943
298 14.991
299 15.038
300 15.086
301 15.134
302 15.183
303 15.232
304 15.281
305 15.330
306 15.379
307 15.428
308 15.477
309 15.526
310 15.575
311 15.625
312 15.674
313 15.723
314 15.772
315 15.821
316 15.870
317 15.919
318 15.968
319 16.017
320 16.067
321 16.116
322 16.165
323 16.214
324 16.263
325 16.312
326 16.361
327 16.410
328 16.459
329 16.508
330 16.557
331 16.605
332 16.654
333 16.702
334 16.750
335 16.798
336 16.846
337 16.894
338 16.942
339 16.990
340 17.038
341 17.086
342 17.133
343 17.181
344 17.229
345 17.277
346 17.325
347 17.374
348 17.422
349 17.471
350 17.519
351 17.568
352 17.616
353 17.665
354 17.714
355 17.762
356 17.810
357 17.859
358 17.907
359 17.956
360 18.004
361 18.053
362 18.101
363 18.150
364 18.198
365 18.247
366 18.295
367 18.343
368 18.392
369 18.441
370 18.489
371 18.538
372 18.586
373 18.634
374 18.683
375 18.732
376 18.780
377 18.829
378 18.878
379 18.926
380 18.975
381 19.024
382 19.073
383 19.122
384 19.171
385 19.220
386 19.270
387 19.320
388 19.369
389 19.418
390 19.467
391 19.516
392 19.564
393 19.613
394 19.661
395 19.709
396 19.757
397 19.804
398 19.852
399 19.900
400 19.948
401 19.996
402 20.044
403 20.093
404 20.142
405 20.191
406 20.240
407 20.288
408 20.337
409 20.385
410 20.434
411 20.482
412 20.530
413 20.578
414 20.626
415 20.674
416 20.722
417 20.770
418 20.818
419 20.865
420 20.913
421 20.962
422 21.010
423 21.058
424 21.107
425 21.155
426 21.204
427 21.252
428 21.301
429 21.349
430 21.398
431 21.447
432 21.495
433 21.544
434 21.593
435 21.642
436 21.691
437 21.740
438 21.788
439 21.836
440 21.885
441 21.934
442 21.983
443 22.032
444 22.081
445 22.130
446 22.178
447 22.228
448 22.277
449 22.326
450 22.375
451 22.423
452 22.472
453 22.521
454 22.569
455 22.618
456 22.666
457 22.714
458 22.762
459 22.810
460 22.858
461 22.906
462 22.954
463 23.001
464 23.049
465 23.097
466 23.145
467 23.192
468 23.240
469 23.287
470 23.335
471 23.382
472 23.430
473 23.478
474 23.525
475 23.573
476 23.621
477 23.669
478 23.716
479 23.763
480 23.811
481 23.858
482 23.905
483 23.953
484 24.000
485 24.047
486 24.093
487 24.140
488 24.186
489 24.232
490 24.278
491 24.325
492 24.371
493 24.418
494 24.465
495 24.512
496 24.559
497 24.606
498 24.653
499 24.700
500 24.747
501 24.795
502 24.842
503 24.891
504 24.939
505 24.987
506 25.035
507 25.083
508 25.132
509 25.180
510 25.229
511 25.278
512 25.327
513 25.376
514 25.424
515 25.472
516 25.521
517 25.569
518 25.618
519 25.667
520 25.716
521 25.764
522 25.813
523 25.862
524 25.911
525 25.961
526 26.010
527 26.060
528 26.110
529 26.159
530 26.209
531 26.259
532 26.308
533 26.358
534 26.408
535 26.457
536 26.507
537 26.557
538 26.606
539 26.656
540 26.705
541 26.755
542 26.804
543 26.854
544 26.904
545 26.954
546 27.004
547 27.054
548 27.104
549 27.155
550 27.205
551 27.255
552 27.307
553 27.358
554 27.409
555 27.460
556 27.511
557 27.562
558 27.613
559 27.663
560 27.714
561 27.764
562 27.815
563 27.865
564 27.915
565 27.966
566 28.016
567 28.067
568 28.118
569 28.168
570 28.219
571 28.270
572 28.321
573 28.372
574 28.423
575 28.474
576 28.524
577 28.575
578 28.625
579 28.675
580 28.725
581 28.775
582 28.826
583 28.876
584 28.926
585 28.976
586 29.027
587 29.077
588 29.128
589 29.179
590 29.230
591 29.281
592 29.333
593 29.384
594 29.436
595 29.487
596 29.539
597 29.590
598 29.642
599 29.693
600 29.744
601 29.795
602 29.847
603 29.898
604 29.949
605 30.001
606 30.053
607 30.105
608 30.156
609 30.208
610 30.259
611 30.311
612 30.362
613 30.413
614 30.465
615 30.516
616 30.568
617 30.619
618 30.671
619 30.722
620 30.773
621 30.824
622 30.874
623 30.925
624 30.976
625 31.027
626 31.078
627 31.129
628 31.179
629 31.230
630 31.280
631 31.331
632 31.382
633 31.433
634 31.484
635 31.535
636 31.586
637 31.636
638 31.687
639 31.737
640 31.787
641 31.837
642 31.887
643 31.938
644 31.989
645 32.039
646 32.090
647 32.140
648 32.190
649 32.240
650 32.291
651 32.341
652 32.391
653 32.442
654 32.492
655 32.542
656 32.593
657 32.643
658 32.694
659 32.744
660 32.794
661 32.843
662 32.893
663 32.941
664 32.991
665 33.040
666 33.089
667 33.138
668 33.187
669 33.235
670 33.283
671 33.331
672 33.380
673 33.428
674 33.476
675 33.524
676 33.572
677 33.620
678 33.668
679 33.716
680 33.763
681 33.811
682 33.859
683 33.907
684 33.955
685 34.003
686 34.051
687 34.099
688 34.148
689 34.196
690 34.244
691 34.293
692 34.341
693 34.390
694 34.438
695 34.486
696 34.533
697 34.581
698 34.628
699 34.676
700 34.724
701 34.772
702 34.821
703 34.869
704 34.917
705 34.965
706 35.013
707 35.061
708 35.109
709 35.157
710 35.205
711 35.253
712 35.300
713 35.347
714 35.394
715 35.441
716 35.488
717 35.535
718 35.582
719 35.630
720 35.678
721 35.725
722 35.773
723 35.820
724 35.867
725 35.915
726 35.963
727 36.010
728 36.058
729 36.105
730 36.151
731 36.198
732 36.244
733 36.291
734 36.338
735 36.385
736 36.432
737 36.479
738 36.525
739 36.572
740 36.618
741 36.665
742 36.712
743 36.759
744 36.806
745 36.853
746 36.900
747 36.947
748 36.993
749 37.040
750 37.087
751 37.133
752 37.180
753 37.226
754 37.273
755 37.320
756 37.367
757 37.414
758 37.461
759 37.507
760 37.554
761 37.600
762 37.647
763 37.693
764 37.740
765 37.786
766 37.833
767 37.879
768 37.925
769 37.971
770 38.017
771 38.063
772 38.109
773 38.155
774 38.201
775 38.246
776 38.293
777 38.339
778 38.386
779 38.432
780 38.478
781 38.524
782 38.570
783 38.616
784 38.663
785 38.709
786 38.755
787 38.802
788 38.849
789 38.895
790 38.942
791 38.989
792 39.036
793 39.082
794 39.129
795 39.175
796 39.221
797 39.268
798 39.314
799 39.360
