0 0.000
1 0.055
2 0.132
3 0.210
4 0.286
5 0.355
6 0.420
7 0.481
8 0.540
9 0.596
10 0.652
11 0.706
12 0.760
13 0.813
14 0.866
15 0.919
16 0.971
17 1.023
18 1.074
19 1.125
20 1.177
21 1.227
22 1.278
23 1.329
24 1.379
25 1.430
26 1.480
27 1.530
28 1.580
29 1.629
30 1.679
31 1.729
32 1.779
33 1.828
34 1.878
35 1.927
36 1.976
37 2.026
38 2.075
39 2.124
40 2.174
41 2.223
42 2.273
43 2.322
44 2.371
45 2.420
46 2.470
47 2.519
48 2.568
49 2.616
50 2.665
51 2.714
52 2.763
53 2.811
54 2.860
55 2.909
56 2.957
57 3.005
58 3.053
59 3.102
60 3.150
61 3.199
62 3.248
63 3.296
64 3.345
65 3.394
66 3.443
67 3.491
68 3.540
69 3.589
70 3.638
71 3.687
72 3.736
73 3.786
74 3.835
75 3.885
76 3.934
77 3.983
78 4.032
79 4.082
80 4.131
81 4.180
82 4.230
83 4.279
84 4.328
85 4.377
86 4.427
87 4.476
88 4.525
89 4.574
90 4.623
91 4.672
92 4.722
93 4.771
94 4.820
95 4.869
96 4.918
97 4.967
98 5.016
99 5.065
100 5.114
101 5.163
102 5.212
103 5.262
104 5.311
105 5.361
106 5.411
107 5.461
108 5.511
109 5.560
110 5.610
111 5.660
112 5.710
113 5.759
114 5.808
115 5.858
116 5.907
117 5.955
118 6.004
119 6.053
120 6.102
121 6.151
122 6.199
123 6.248
124 6.297
125 6.346
126 6.395
127 6.444
128 6.493
129 6.542
130 6.591
131 6.639
132 6.688
133 6.737
134 6.786
135 6.835
136 6.883
137 6.932
138 6.980
139 7.028
140 7.076
141 7.125
142 7.173
143 7.221
144 7.270
145 7.318
146 7.367
147 7.416
148 7.465
149 7.513
150 7.562
151 7.610
152 7.658
153 7.707
154 7.755
155 7.803
156 7.851
157 7.899
158 7.947
159 7.995
160 8.043
161 8.091
162 8.139
163 8.187
164 8.235
165 8.283
166 8.331
167 8.379
168 8.427
169 8.475
170 8.523
171 8.570
172 8.618
173 8.665
174 8.713
175 8.761
176 8.808
177 8.855
178 8.903
179 8.950
180 8.998
181 9.045
182 9.092
183 9.140
184 9.187
185 9.235
186 9.282
187 9.330
188 9.377
189 9.425
190 9.472
191 9.519
192 9.565
193 9.613
194 9.660
195 9.707
196 9.754
197 9.801
198 9.848
199 9.895
200 9.942
201 9.989
202 10.036
203 10.084
204 10.131
205 10.179
206 10.226
207 10.274
208 10.321
209 10.368
210 10.414
211 10.461
212 10.508
213 10.554
214 10.601
215 10.647
216 10.694
217 10.740
218 10.787
219 10.834
220 10.881
221 10.927
222 10.974
223 11.021
224 11.068
225 11.115
226 11.162
227 11.208
228 11.255
229 11.301
230 11.347
231 11.394
232 11.440
233 11.487
234 11.534
235 11.580
236 11.627
237 11.673
238 11.720
239 11.767
240 11.814
241 11.862
242 11.909
243 11.957
244 12.005
245 12.052
246 12.100
247 12.147
248 12.195
249 12.242
250 12.289
251 12.336
252 12.383
253 12.431
254 12.478
255 12.526
256 12.573
257 12.621
258 12.668
259 12.715
260 12.762
261 12.809
262 12.857
263 12.904
264 12.951
265 12.998
266 13.046
267 13.093
268 13.139
269 13.186
270 13.232
271 13.279
272 13.325
273 13.372
274 13.419
275 13.465
276 13.512
277 13.558
278 13.605
279 13.651
280 13.698
281 13.745
282 13.791
283 13.838
284 13.885
285 13.932
286 13.979
287 14.026
288 14.073
289 14.120
290 14.166
291 14.213
292 14.260
293 14.306
294 14.352
295 14.399
296 14.445
297 14.491
298 14.538
299 14.584
300 14.631
301 14.678
302 14.725
303 14.771
304 14.818
305 14.865
306 14.912
307 14.958
308 15.005
309 15.052
310 15.099
311 15.146
312 15.193
313 15.239
314 15.286
315 15.333
316 15.380
317 15.427
318 15.474
319 15.521
320 15.568
321 15.615
322 15.661
323 15.708
324 15.754
325 15.800
326 15.847
327 15.893
328 15.939
329 15.986
330 16.032
331 16.078
332 16.123
333 16.169
334 16.215
335 16.260
336 16.306
337 16.351
338 16.396
339 16.442
340 16.488
341 16.533
342 16.579
343 16.624
344 16.669
345 16.715
346 16.761
347 16.807
348 16.853
349 16.899
350 16.944
351 16.990
352 17.036
353 17.081
354 17.127
355 17.173
356 17.218
357 17.264
358 17.310
359 17.355
360 17.401
361 17.446
362 17.491
363 17.537
364 17.582
365 17.628
366 17.673
367 17.719
368 17.764
369 17.810
370 17.856
371 17.902
372 17.948
373 17.993
374 18.039
375 18.085
376 18.131
377 18.177
378 18.222
379 18.268
380 18.314
381 18.360
382 18.407
383 18.453
384 18.499
385 18.545
386 18.592
387 18.638
388 18.685
389 18.731
390 18.777
391 18.823
392 18.868
393 18.914
394 18.959
395 19.005
396 19.050
397 19.096
398 19.141
399 19.187
400 19.232
401 19.278
402 19.323
403 19.369
404 19.415
405 19.460
406 19.506
407 19.552
408 19.597
409 19.643
410 19.688
411 19.734
412 19.779
413 19.825
414 19.870
415 19.916
416 19.961
417 20.006
418 20.051
419 20.096
420 20.141
421 20.186
422 20.232
423 20.277
424 20.322
425 20.367
426 20.412
427 20.457
428 20.502
429 20.547
430 20.592
431 20.637
432 20.681
433 20.726
434 20.771
435 20.815
436 20.859
437 20.904
438 20.948
439 20.992
440 21.037
441 21.082
442 21.126
443 21.171
444 21.215
445 21.260
446 21.304
447 21.349
448 21.394
449 21.438
450 21.483
451 21.528
452 21.573
453 21.617
454 21.662
455 21.707
456 21.752
457 21.796
458 21.840
459 21.885
460 21.929
461 21.973
462 22.017
463 22.061
464 22.105
465 22.150
466 22.194
467 22.238
468 22.283
469 22.327
470 22.371
471 22.415
472 22.460
473 22.504
474 22.548
475 22.591
476 22.636
477 22.680
478 22.724
479 22.768
480 22.812
481 22.856
482 22.900
483 22.944
484 22.988
485 23.031
486 23.075
487 23.118
488 23.162
489 23.205
490 23.249
491 23.294
492 23.338
493 23.382
494 23.427
495 23.471
496 23.516
497 23.560
498 23.605
499 23.649
500 23.694
501 23.738
502 23.783
503 23.827
504 23.872
505 23.917
506 23.961
507 24.006
508 24.050
509 24.095
510 24.140
511 24.185
512 24.229
513 24.274
514 24.319
515 24.364
516 24.409
517 24.454
518 24.499
519 24.545
520 24.590
521 24.635
522 24.680
523 24.726
524 24.771
525 24.816
526 24.862
527 24.908
528 24.953
529 24.999
530 25.045
531 25.091
532 25.137
533 25.182
534 25.228
535 25.274
536 25.320
537 25.365
538 25.411
539 25.456
540 25.502
541 25.547
542 25.593
543 25.638
544 25.684
545 25.730
546 25.775
547 25.821
548 25.867
549 25.913
550 25.960
551 26.006
552 26.053
553 26.099
554 26.146
555 26.192
556 26.239
557 26.285
558 26.331
559 26.377
560 26.424
561 26.470
562 26.515
563 26.561
564 26.607
565 26.653
566 26.699
567 26.745
568 26.791
569 26.837
570 26.884
571 26.930
572 26.977
573 27.023
574 27.070
575 27.116
576 27.162
577 27.208
578 27.255
579 27.301
580 27.347
581 27.393
582 27.440
583 27.486
584 27.532
585 27.578
586 27.624
587 27.670
588 27.716
589 27.763
590 27.809
591 27.856
592 27.902
593 27.949
594 27.996
595 28.042
596 28.089
597 28.136
598 28.183
599 28.229
600 28.276
601 28.322
602 28.369
603 28.415
604 28.462
605 28.509
606 28.556
607 28.603
608 28.650
609 28.697
610 28.743
611 28.790
612 28.837
613 28.883
614 28.930
615 28.977
616 29.023
617 29.070
618 29.116
619 29.162
620 29.208
621 29.254
622 29.300
623 29.346
624 29.392
625 29.438
626 29.484
627 29.530
628 29.576
629 29.622
630 29.668
631 29.715
632 29.761
633 29.808
634 29.855
635 29.902
636 29.949
637 29.996
638 30.042
639 30.089
640 30.135
641 30.182
642 30.228
643 30.275
644 30.321
645 30.368
646 30.414
647 30.460
648 30.507
649 30.553
650 30.599
651 30.645
652 30.692
653 30.738
654 30.784
655 30.830
656 30.876
657 30.922
658 30.968
659 31.014
660 31.060
661 31.105
662 31.150
663 31.196
664 31.241
665 31.286
666 31.332
667 31.377
668 31.422
669 31.467
670 31.512
671 31.556
672 31.601
673 31.646
674 31.691
675 31.736
676 31.781
677 31.825
678 31.870
679 31.914
680 31.958
681 32.002
682 32.047
683 32.091
684 32.135
685 32.180
686 32.224
687 32.269
688 32.314
689 32.358
690 32.403
691 32.448
692 32.492
693 32.537
694 32.581
695 32.625
696 32.669
697 32.713
698 32.757
699 32.800
700 32.845
701 32.889
702 32.933
703 32.976
704 33.020
705 33.064
706 33.108
707 33.152
708 33.196
709 33.240
710 33.284
711 33.328
712 33.371
713 33.414
714 33.458
715 33.501
716 33.545
717 33.589
718 33.633
719 33.677
720 33.721
721 33.765
722 33.809
723 33.852
724 33.896
725 33.940
726 33.983
727 34.027
728 34.071
729 34.115
730 34.159
731 34.202
732 34.245
733 34.289
734 34.332
735 34.376
736 34.420
737 34.464
738 34.508
739 34.551
740 34.595
741 34.639
742 34.683
743 34.727
744 34.771
745 34.815
746 34.859
747 34.903
748 34.947
749 34.991
750 35.035
751 35.079
752 35.124
753 35.168
754 35.213
755 35.257
756 35.301
757 35.346
758 35.390
759 35.434
760 35.478
761 35.522
762 35.566
763 35.610
764 35.653
765 35.697
766 35.741
767 35.784
768 35.828
769 35.871
770 35.915
771 35.959
772 36.002
773 36.046
774 36.089
775 36.133
776 36.176
777 36.220
778 36.263
779 36.306
780 36.348
781 36.391
782 36.434
783 36.477
784 36.519
785 36.563
786 36.606
787 36.649
788 36.693
789 36.736
790 36.779
791 36.823
792 36.866
793 36.910
794 36.953
795 36.997
796 37.040
797 37.083
798 37.126
799 37.169
