0 0.000
1 0.055
2 0.132
3 0.211
4 0.287
5 0.358
6 0.423
7 0.485
8 0.544
9 0.601
10 0.657
11 0.712
12 0.766
13 0.821
14 0.874
15 0.928
16 0.981
17 1.033
18 1.085
19 1.137
20 1.188
21 1.240
22 1.291
23 1.342
24 1.393
25 1.444
26 1.495
27 1.545
28 1.596
29 1.646
30 1.697
31 1.747
32 1.797
33 1.848
34 1.898
35 1.948
36 1.999
37 2.049
38 2.099
39 2.149
40 2.200
41 2.250
42 2.301
43 2.351
44 2.401
45 2.451
46 2.501
47 2.551
48 2.600
49 2.649
50 2.698
51 2.747
52 2.797
53 2.846
54 2.895
55 2.944
56 2.993
57 3.042
58 3.090
59 3.139
60 3.189
61 3.238
62 3.288
63 3.337
64 3.387
65 3.436
66 3.486
67 3.536
68 3.585
69 3.635
70 3.685
71 3.735
72 3.785
73 3.835
74 3.886
75 3.936
76 3.986
77 4.037
78 4.087
79 4.138
80 4.188
81 4.239
82 4.289
83 4.339
84 4.390
85 4.440
86 4.490
87 4.540
88 4.589
89 4.639
90 4.688
91 4.738
92 4.788
93 4.838
94 4.887
95 4.937
96 4.986
97 5.035
98 5.085
99 5.134
100 5.184
101 5.234
102 5.283
103 5.333
104 5.383
105 5.433
106 5.483
107 5.534
108 5.584
109 5.635
110 5.685
111 5.736
112 5.786
113 5.836
114 5.885
115 5.935
116 5.984
117 6.033
118 6.082
119 6.131
120 6.180
121 6.229
122 6.279
123 6.329
124 6.378
125 6.428
126 6.478
127 6.528
128 6.578
129 6.628
130 6.678
131 6.727
132 6.777
133 6.827
134 6.876
135 6.926
136 6.975
137 7.024
138 7.073
139 7.122
140 7.170
141 7.219
142 7.268
143 7.317
144 7.366
145 7.416
146 7.465
147 7.515
148 7.564
149 7.613
150 7.663
151 7.712
152 7.761
153 7.810
154 7.858
155 7.907
156 7.956
157 8.004
158 8.053
159 8.102
160 8.151
161 8.199
162 8.247
163 8.296
164 8.344
165 8.392
166 8.441
167 8.489
168 8.538
169 8.587
170 8.636
171 8.684
172 8.733
173 8.782
174 8.831
175 8.879
176 8.928
177 8.976
178 9.025
179 9.074
180 9.122
181 9.170
182 9.219
183 9.268
184 9.316
185 9.365
186 9.413
187 9.462
188 9.510
189 9.559
190 9.606
191 9.654
192 9.702
193 9.751
194 9.799
195 9.847
196 9.894
197 9.942
198 9.989
199 10.037
200 10.085
201 10.132
202 10.181
203 10.229
204 10.277
205 10.325
206 10.373
207 10.421
208 10.468
209 10.516
210 10.564
211 10.611
212 10.658
213 10.705
214 10.751
215 10.798
216 10.845
217 10.891
218 10.939
219 10.986
220 11.033
221 11.080
222 11.128
223 11.175
224 11.223
225 11.271
226 11.318
227 11.365
228 11.413
229 11.460
230 11.507
231 11.555
232 11.602
233 11.649
234 11.696
235 11.743
236 11.791
237 11.838
238 11.885
239 11.933
240 11.980
241 12.028
242 12.076
243 12.124
244 12.172
245 12.220
246 12.268
247 12.316
248 12.364
249 12.412
250 12.460
251 12.508
252 12.555
253 12.603
254 12.651
255 12.699
256 12.747
257 12.795
258 12.843
259 12.892
260 12.939
261 12.987
262 13.035
263 13.083
264 13.131
265 13.179
266 13.227
267 13.274
268 13.322
269 13.369
270 13.416
271 13.463
272 13.511
273 13.558
274 13.605
275 13.652
276 13.699
277 13.746
278 13.793
279 13.840
280 13.887
281 13.934
282 13.981
283 14.028
284 14.075
285 14.122
286 14.169
287 14.216
288 14.263
289 14.310
290 14.357
291 14.404
292 14.451
293 14.497
294 14.544
295 14.590
296 14.636
297 14.682
298 14.728
299 14.775
300 14.821
301 14.868
302 14.915
303 14.962
304 15.009
305 15.056
306 15.103
307 15.150
308 15.197
309 15.244
310 15.291
311 15.339
312 15.386
313 15.434
314 15.481
315 15.529
316 15.576
317 15.624
318 15.671
319 15.719
320 15.766
321 15.814
322 15.861
323 15.909
324 15.956
325 16.003
326 16.050
327 16.097
328 16.144
329 16.191
330 16.238
331 16.285
332 16.332
333 16.378
334 16.424
335 16.471
336 16.517
337 16.564
338 16.611
339 16.657
340 16.704
341 16.750
342 16.796
343 16.842
344 16.889
345 16.935
346 16.982
347 17.029
348 17.076
349 17.123
350 17.170
351 17.217
352 17.264
353 17.311
354 17.358
355 17.405
356 17.452
357 17.498
358 17.545
359 17.592
360 17.638
361 17.685
362 17.732
363 17.778
364 17.825
365 17.872
366 17.919
367 17.965
368 18.012
369 18.059
370 18.106
371 18.153
372 18.200
373 18.246
374 18.293
375 18.340
376 18.387
377 18.434
378 18.481
379 18.528
380 18.575
381 18.622
382 18.670
383 18.717
384 18.764
385 18.812
386 18.859
387 18.907
388 18.954
389 19.002
390 19.049
391 19.096
392 19.143
393 19.190
394 19.236
395 19.283
396 19.330
397 19.376
398 19.422
399 19.469
400 19.515
401 19.562
402 19.609
403 19.656
404 19.703
405 19.750
406 19.797
407 19.845
408 19.892
409 19.939
410 19.987
411 20.034
412 20.081
413 20.128
414 20.175
415 20.222
416 20.269
417 20.315
418 20.362
419 20.409
420 20.457
421 20.504
422 20.551
423 20.598
424 20.645
425 20.692
426 20.739
427 20.786
428 20.833
429 20.881
430 20.928
431 20.975
432 21.022
433 21.069
434 21.116
435 21.164
436 21.211
437 21.258
438 21.305
439 21.352
440 21.399
441 21.447
442 21.494
443 21.541
444 21.588
445 21.635
446 21.683
447 21.730
448 21.778
449 21.825
450 21.873
451 21.920
452 21.968
453 22.015
454 22.063
455 22.110
456 22.157
457 22.205
458 22.252
459 22.299
460 22.346
461 22.392
462 22.439
463 22.486
464 22.533
465 22.580
466 22.627
467 22.673
468 22.720
469 22.767
470 22.814
471 22.861
472 22.908
473 22.954
474 23.001
475 23.048
476 23.094
477 23.141
478 23.187
479 23.234
480 23.281
481 23.327
482 23.374
483 23.420
484 23.466
485 23.512
486 23.558
487 23.603
488 23.649
489 23.695
490 23.741
491 23.787
492 23.834
493 23.880
494 23.927
495 23.973
496 24.020
497 24.067
498 24.113
499 24.160
500 24.207
501 24.254
502 24.301
503 24.348
504 24.396
505 24.443
506 24.491
507 24.539
508 24.586
509 24.634
510 24.682
511 24.730
512 24.778
513 24.826
514 24.873
515 24.921
516 24.969
517 25.017
518 25.065
519 25.113
520 25.161
521 25.209
522 25.257
523 25.305
524 25.354
525 25.402
526 25.451
527 25.499
528 25.548
529 25.597
530 25.646
531 25.694
532 25.743
533 25.791
534 25.839
535 25.888
536 25.937
537 25.986
538 26.034
539 26.083
540 26.131
541 26.180
542 26.228
543 26.277
544 26.325
545 26.374
546 26.422
547 26.471
548 26.520
549 26.569
550 26.618
551 26.667
552 26.717
553 26.767
554 26.816
555 26.866
556 26.915
557 26.964
558 27.013
559 27.062
560 27.111
561 27.160
562 27.209
563 27.257
564 27.306
565 27.355
566 27.404
567 27.452
568 27.501
569 27.550
570 27.599
571 27.649
572 27.698
573 27.747
574 27.796
575 27.845
576 27.894
577 27.943
578 27.992
579 28.041
580 28.089
581 28.138
582 28.187
583 28.236
584 28.285
585 28.334
586 28.383
587 28.432
588 28.481
589 28.531
590 28.580
591 28.629
592 28.679
593 28.728
594 28.778
595 28.828
596 28.878
597 28.927
598 28.977
599 29.027
600 29.076
601 29.126
602 29.176
603 29.225
604 29.275
605 29.325
606 29.376
607 29.426
608 29.476
609 29.526
610 29.576
611 29.626
612 29.675
613 29.725
614 29.775
615 29.824
616 29.874
617 29.923
618 29.973
619 30.022
620 30.072
621 30.121
622 30.170
623 30.219
624 30.268
625 30.317
626 30.367
627 30.416
628 30.465
629 30.513
630 30.562
631 30.612
632 30.661
633 30.711
634 30.760
635 30.810
636 30.859
637 30.909
638 30.958
639 31.007
640 31.056
641 31.104
642 31.153
643 31.202
644 31.252
645 31.300
646 31.349
647 31.398
648 31.447
649 31.495
650 31.544
651 31.593
652 31.642
653 31.690
654 31.739
655 31.788
656 31.836
657 31.885
658 31.934
659 31.983
660 32.032
661 32.080
662 32.128
663 32.176
664 32.224
665 32.272
666 32.320
667 32.367
668 32.414
669 32.461
670 32.508
671 32.556
672 32.603
673 32.650
674 32.697
675 32.744
676 32.791
677 32.838
678 32.885
679 32.931
680 32.978
681 33.024
682 33.071
683 33.118
684 33.165
685 33.211
686 33.258
687 33.306
688 33.353
689 33.400
690 33.446
691 33.493
692 33.541
693 33.588
694 33.635
695 33.682
696 33.729
697 33.775
698 33.822
699 33.868
700 33.915
701 33.963
702 34.010
703 34.057
704 34.104
705 34.151
706 34.198
707 34.245
708 34.292
709 34.339
710 34.386
711 34.432
712 34.479
713 34.525
714 34.571
715 34.617
716 34.663
717 34.709
718 34.756
719 34.802
720 34.849
721 34.895
722 34.941
723 34.986
724 35.032
725 35.078
726 35.124
727 35.170
728 35.216
729 35.262
730 35.308
731 35.353
732 35.398
733 35.443
734 35.489
735 35.534
736 35.580
737 35.625
738 35.671
739 35.716
740 35.762
741 35.807
742 35.853
743 35.899
744 35.944
745 35.990
746 36.036
747 36.082
748 36.127
749 36.173
750 36.218
751 36.264
752 36.310
753 36.356
754 36.402
755 36.448
756 36.494
757 36.540
758 36.586
759 36.631
760 36.677
761 36.723
762 36.768
763 36.814
764 36.859
765 36.905
766 36.950
767 36.995
768 37.040
769 37.086
770 37.131
771 37.176
772 37.222
773 37.267
774 37.313
775 37.358
776 37.403
777 37.448
778 37.493
779 37.538
780 37.582
781 37.627
782 37.671
783 37.716
784 37.761
785 37.806
786 37.850
787 37.895
788 37.941
789 37.986
790 38.031
791 38.076
792 38.121
793 38.166
794 38.212
795 38.257
796 38.302
797 38.347
798 38.392
799 38.436
